39.2908 48.886 46.0604 24.9863 7.33824 32.0237 25.3472 11.7305 49.1935 48.1707 41.3483 25.9518 44.3263 26.5175 44.0523 25.7305 7.4891 15.5898 11.7651 21.106 35.6111 16.8868 11.0849 28.3031 37.9806 20.4373 17.1962 15.2163 34.8918 32.8658 7.02065 41.8744 47.0216 46.9586 25.6944 36.3818 35.9039 22.7728 24.5581 18.9836 9.81463 46.5383 19.3038 13.0731 24.7855 44.3156 14.3249 19.4001 13.7864 11.4665 
48.6143 19.1211 28.1431 39.9562 48.5333 36.2996 38.7538 16.0144 34.9481 19.4743 40.6392 49.1533 25.2875 16.9539 40.7453 13.1796 15.6478 49.1805 8.7503 45.8094 45.5883 6.33871 26.2353 9.04726 48.5405 21.3421 30.779 15.0666 49.1109 42.1293 19.952 45.2637 35.971 36.45 43.0959 36.7261 36.0301 5.76398 38.91 21.4403 43.1953 29.7337 48.496 6.91772 11.3732 27.3271 36.9371 5.92493 14.7557 48.0966 
10.4988 18.2144 36.6166 25.7271 41.7919 44.0793 45.6779 41.9614 28.195 15.2109 48.5455 44.7933 8.15518 7.97772 31.8734 8.76679 18.956 39.9929 44.9269 18.6387 14.6251 21.1979 13.5968 29.2085 42.5466 29.3361 25.5938 20.1149 33.944 34.959 39.0062 10.0118 32.665 18.0688 38.7577 24.3572 45.4719 5.69725 46.3062 23.3069 22.1037 5.79384 16.5747 23.8411 49.5427 11.3217 48.835 34.6121 48.2698 34.239 
26.5674 32.3802 15.1544 5.34781 30.2658 49.4895 23.3693 13.5489 17.6392 47.0614 12.3935 9.82875 16.3399 19.8267 28.2439 40.1342 40.1076 43.2956 38.4506 17.7071 29.4517 34.5864 20.7586 26.9952 46.5556 18.0508 43.8639 44.5943 41.4915 44.3398 15.0049 37.2886 24.3569 39.0655 27.5841 17.9607 32.5824 23.324 32.893 16.1591 35.2869 15.9779 44.2806 31.8762 47.3323 24.346 8.17028 22.1755 28.2771 18.7724 
7.79986 33.1811 7.23702 44.1303 29.8487 8.18777 33.2381 16.5657 9.51553 19.4289 37.6207 16.176 13.0279 40.9942 15.0463 43.7039 27.3991 34.2162 11.203 8.82445 18.73 43.2309 26.8998 23.5747 23.9429 6.44298 15.7999 10.0137 22.4145 41.9611 32.9537 17.8444 22.7854 39.7495 32.4677 38.1801 20.6019 37.8711 22.2124 35.4622 40.8281 12.2136 16.4021 27.4315 6.2118 26.5223 42.5309 19.4033 16.4509 13.5656 
41.0224 13.2989 17.2096 17.5563 22.9429 5.48158 29.0032 35.1493 35.8255 28.5624 49.3253 24.8652 47.0155 43.8942 14.4546 24.9358 37.4242 23.2473 16.3876 27.7609 45.3045 38.4735 20.0977 8.46995 6.50744 21.3865 8.25323 30.6456 46.193 31.069 34.8784 23.0232 25.477 31.0638 13.3388 47.1841 17.8082 46.9743 48.7951 19.6819 48.69 24.0224 37.1689 39.9906 21.2176 21.0249 38.1798 16.3608 17.1489 25.8928 
45.1889 25.3481 17.9386 36.3171 15.4169 43.943 30.8011 38.103 18.6085 24.4514 48.8237 9.63749 31.7606 23.1904 45.6564 46.4189 18.196 38.9895 29.182 42.4344 15.5564 31.2623 5.97296 42.1379 6.44596 25.2484 34.9132 7.37546 18.416 36.9268 14.0813 40.5288 6.83319 44.2743 20.6078 8.89096 14.2792 17.153 26.868 37.3125 8.94852 35.1342 11.7614 29.1556 29.1397 23.6249 15.2372 20.7191 19.6876 42.3236 
27.8322 44.0609 23.4792 9.76387 48.8095 41.8487 11.2905 16.8075 6.9654 11.0965 12.7043 29.9524 18.6433 47.6254 37.756 30.9305 32.9863 32.8636 40.9051 26.7104 21.74 40.3979 49.9606 21.2565 44.4071 31.0758 49.2592 45.7435 34.6562 9.21638 14.3984 28.9235 25.3316 36.6818 7.85536 10.8341 34.7927 16.184 26.8924 11.0066 47.264 20.1952 17.1291 17.3465 17.1106 33.6752 18.3439 10.1947 10.7546 22.0203 
42.0949 15.0922 29.4761 35.6396 43.4403 28.2228 48.1897 25.8054 34.0975 23.2869 25.0689 5.31567 45.3187 28.7824 27.234 10.7978 16.583 38.3275 18.0006 40.6154 6.35832 5.00256 10.8736 40.3018 48.1418 46.121 43.2831 18.0399 31.1027 27.0602 38.4421 28.6816 49.8731 22.8409 26.9366 9.91339 9.5002 28.2182 49.4318 9.41823 29.7926 49.6069 33.1515 6.97999 9.2147 11.3934 8.40731 31.0309 6.91518 33.7752 
31.2093 34.4163 48.7225 27.7444 17.2177 34.7414 16.9079 34.4055 41.3955 14.316 22.5626 9.74311 10.0343 49.4161 11.3068 46.569 13.5289 35.5247 15.0805 45.6604 23.0736 29.0361 23.9014 39.2453 16.9692 38.4485 46.5822 28.6843 16.5915 37.7206 46.9264 21.2745 29.4356 28.602 29.9472 5.55392 39.1246 23.7405 29.9742 40.9764 30.6894 9.17065 42.072 18.8579 29.1328 49.6917 11.5999 23.1007 7.52228 7.67991 
35.324 18.9488 35.9582 39.5768 25.9333 46.088 37.2894 7.51661 49.8714 28.4279 38.6086 14.4203 42.647 42.5879 23.1732 5.2547 48.4259 15.547 9.49634 46.0447 14.2257 6.98598 27.1161 6.91877 27.9509 10.947 23.5495 29.7763 48.6551 16.278 5.40333 33.6225 18.9022 16.2012 22.0508 43.5701 46.6563 29.3662 6.07946 42.6423 41.7361 16.7779 18.6866 21.5418 44.9105 32.3995 29.9963 41.8564 26.4148 44.2579 
24.4387 9.23866 41.9604 41.8145 41.5391 29.0624 34.4797 8.93219 41.6851 47.1923 11.186 29.4807 48.1043 5.67555 9.4327 25.1376 26.5347 43.4003 34.2921 24.1259 40.5577 6.96185 41.487 32.66 32.3096 7.83847 30.422 25.3925 16.2634 27.8769 34.9185 29.5017 45.5982 13.7198 28.8817 44.9207 49.3173 14.3748 44.8298 20.6343 29.7241 20.4775 43.7782 21.247 32.117 9.74357 46.1927 36.3022 23.2973 14.9949 
21.9581 19.3691 5.13529 19.8494 47.82 16.9718 19.7841 33.0616 18.0895 48.4056 39.7142 48.1667 34.9329 46.0773 23.0128 48.9483 8.37944 26.3364 19.0219 24.2577 31.4547 31.1147 28.9727 47.2941 6.50883 34.2244 36.1598 34.7433 29.0861 8.9331 27.5099 30.9752 26.7672 5.43383 22.3203 7.71959 27.7682 15.0983 32.8937 23.3084 22.7432 10.0993 37.476 44.9854 39.6154 38.7382 18.491 46.7218 29.7598 17.7877 
44.097 11.5681 9.9949 10.1045 30.1651 28.1635 22.7239 6.50386 33.9174 36.6689 18.533 36.2471 25.2011 17.1396 45.4403 12.4124 37.6639 20.3403 5.83466 18.4354 10.8348 37.6946 24.4221 15.7108 8.66328 48.689 26.1024 37.0831 36.4487 31.4344 26.5621 15.7552 36.7973 48.3286 47.4703 6.6225 24.7946 11.7565 12.7153 18.5262 22.9624 23.586 24.0384 33.9754 18.9415 48.7961 32.656 21.404 5.9911 32.7176 
49.9339 34.9633 13.4743 15.4429 49.4453 40.5916 40.8767 14.5305 36.3517 47.4768 20.9895 32.7319 6.30604 22.3187 27.9225 37.5468 7.98362 45.3578 15.8218 38.0935 27.1613 33.1525 39.3351 46.301 8.66181 29.8836 48.5716 38.6498 34.6188 23.2386 5.25535 26.6275 20.2016 15.9195 45.9419 45.0239 17.5465 47.4768 6.18193 29.9781 40.6457 16.5247 5.19062 24.3241 42.9417 6.29324 22.257 34.1576 17.7718 27.8 
11.8078 49.0695 11.9463 45.0055 43.6905 19.8346 10.1313 47.1891 27.3396 6.96452 9.81029 42.3048 37.7731 16.772 46.7915 33.4368 18.7797 8.91597 42.2182 29.3762 46.5507 29.9484 42.7422 24.171 31.5018 34.376 13.2517 22.7129 7.37307 44.4796 17.4309 12.3586 5.60413 26.3758 8.4246 8.53678 7.01203 23.5463 6.37527 21.7507 23.6989 36.3744 34.474 10.0804 27.1133 21.8842 19.0726 48.8498 45.9221 18.4449 
24.0731 17.1778 11.5564 40.763 26.1677 48.1427 39.4994 31.8864 23.5025 8.26647 32.8823 10.9485 30.4494 22.4456 8.6309 31.6029 41.3109 45.6161 29.0349 47.1634 22.3864 20.1168 48.5512 25.6131 22.6949 23.979 35.2055 42.7878 23.6815 48.303 12.5007 45.4503 19.3866 27.4035 24.1998 16.5545 22.36 21.3009 28.9142 14.5005 30.365 7.72032 40.149 23.9196 5.41072 31.3282 12.3991 35.2303 15.9735 33.3083 
10.8406 26.2269 47.0079 41.8312 14.584 46.2575 36.591 8.20936 13.4807 30.3139 20.9672 42.7861 41.9964 14.0158 15.0498 34.3937 13.142 13.9646 47.8907 19.4272 36.8749 15.9592 24.9768 8.43505 28.222 5.75148 23.6455 23.9358 22.9647 8.59496 32.4408 24.0002 5.44558 40.3488 26.5082 7.13137 32.8567 5.6061 30.544 14.5055 45.8947 13.8395 19.6979 31.8975 16.7112 24.1837 15.6224 48.2124 22.1218 44.0599 
26.9316 16.5178 35.3079 36.2772 6.40596 13.5639 38.9338 28.1874 17.6725 21.4737 34.4313 35.5193 23.9838 20.6577 19.9809 16.0231 21.602 41.2002 44.7137 30.1801 36.7243 27.1286 6.59322 39.3994 8.04721 42.2066 40.3729 11.955 36.5634 7.02933 40.6165 44.35 39.2041 39.4035 46.4662 30.2907 5.71623 29.4795 35.2496 12.0952 9.8534 48.6979 48.2584 12.8417 8.57288 14.1467 15.9476 40.4831 42.3751 8.54688 
10.0502 14.003 22.1052 44.71 17.6782 36.9295 29.4279 34.5227 40.0837 49.1183 13.8862 18.026 23.9097 22.2324 19.2571 34.7922 29.2278 49.9611 21.4974 17.3525 29.9938 21.936 18.7643 29.1642 48.7569 22.214 16.4383 46.9854 32.3741 33.4039 34.4612 15.4559 11.435 24.38 18.293 14.4714 39.2784 30.3905 33.2326 29.3644 47.6866 38.6782 11.9565 27.1591 9.53971 44.2782 12.3023 24.3118 25.1458 9.1406 
25.8401 33.165 25.7985 45.8331 42.728 13.7549 26.9238 22.8634 18.3837 45.1431 49.2571 27.8374 6.18992 9.79907 25.233 26.4753 15.1824 14.9585 31.4586 30.8064 10.499 20.8992 31.2732 38.4632 27.418 6.80959 11.8076 27.9346 21.6309 31.5207 7.50925 7.80214 35.0912 48.1539 8.29935 23.2202 38.4284 19.4543 44.2557 34.8524 15.5397 5.55674 47.6251 10.4261 39.852 35.1113 41.8562 18.4951 39.2152 31.309 
24.91 40.5018 36.7627 17.2808 17.8129 45.0792 47.453 22.342 14.03 34.6692 31.5733 8.22746 37.1156 31.7761 31.897 12.7245 6.02053 6.34121 35.0907 11.8934 39.6452 14.7283 39.3118 42.7739 34.4816 32.747 35.032 31.3648 25.0194 21.1257 40.5342 39.454 16.7268 42.1578 44.1935 47.7747 13.9841 29.6759 41.1799 5.91087 25.8283 43.6915 15.8093 20.698 44.166 10.1046 44.7229 13.9824 24.9943 12.6038 
45.5433 6.20279 42.0423 47.1437 15.3162 33.0685 14.201 34.6327 49.4863 27.3433 29.786 43.1005 30.8302 43.0115 39.6424 39.8194 14.8189 10.2348 19.0269 34.1453 6.97557 45.029 21.6178 30.5564 5.32216 34.1099 10.4917 30.8855 45.7151 40.2408 10.7636 45.5008 31.561 10.3409 37.4372 12.6673 39.6563 32.0726 20.9208 19.5427 32.6707 36.22 17.1434 39.8868 35.9614 47.6604 19.7719 41.4152 13.1254 46.6013 
48.1493 48.5541 45.237 9.41012 46.8725 7.4948 5.66008 17.7226 47.2133 20.9871 46.6707 24.7455 48.645 28.1082 25.6281 41.9004 39.9841 7.31478 38.6546 44.7008 23.7122 39.5903 27.0302 44.0879 44.5369 28.0711 43.8439 31.7559 26.4917 26.7317 23.1351 21.745 24.8572 14.2856 8.88782 29.9316 8.71744 20.6366 13.0875 11.6932 47.6996 40.2794 25.4527 7.51954 36.0212 47.1629 46.5909 23.4604 37.119 38.8335 
21.6193 43.636 26.6192 33.7 6.88368 14.8438 45.2346 32.0783 42.2369 24.2856 18.7689 25.3852 12.4903 40.2367 48.7518 37.5254 5.3844 6.80403 14.7137 47.6339 18.4906 37.1811 17.2818 5.86213 21.5888 39.7114 48.1846 34.2451 32.0327 38.4309 37.05 6.01236 36.0691 8.67308 45.1243 36.7124 10.6253 35.3814 24.1229 45.9939 24.8032 20.8528 29.8624 5.20886 45.8072 48.7149 25.6754 20.2837 35.4583 18.7714 
23.5328 45.7754 27.0414 36.7626 15.1826 37.7928 13.9782 25.5228 27.7899 21.0425 13.3485 22.1466 14.536 23.8696 10.9881 8.09255 27.516 44.8464 8.13226 5.16876 34.799 5.20851 6.28674 41.7686 13.6634 42.0778 24.826 32.7434 32.6536 27.4687 30.0944 45.5928 28.3067 20.0595 41.7769 47.0116 29.0022 34.177 20.2762 18.7028 10.6473 25.6757 47.2566 43.1063 33.2931 23.6311 36.0939 46.224 8.72099 41.0969 
11.0108 37.0907 8.54653 20.5606 25.7092 17.28 37.947 31.8892 6.01237 15.6556 10.0609 45.4195 18.3225 17.267 29.5198 39.2718 43.946 19.2099 21.3515 16.912 26.7624 18.7647 38.9452 23.9807 40.4828 34.6317 26.2173 15.4388 47.0823 30.8174 49.7556 41.2827 43.046 23.3307 35.2267 11.5124 27.3731 40.6664 24.2353 26.2114 21.8922 18.0228 22.669 46.4759 39.4982 47.2664 33.1444 41.7039 44.3184 40.4561 
22.0448 15.9757 34.6347 10.2649 28.6826 11.8525 44.6121 41.104 18.1001 31.4084 19.1592 36.9826 9.80581 37.212 26.8473 8.07795 24.9994 21.7726 6.75955 31.6119 41.0127 11.6154 29.8345 26.5188 43.975 12.2375 7.62674 23.1641 22.6453 17.5072 6.69307 14.288 19.3736 35.4674 30.2958 9.68639 29.2287 37.6451 39.5424 14.9119 41.3216 30.5512 31.7394 38.6065 29.5501 42.9057 45.189 22.1881 29.1353 44.2946 
42.9652 14.4348 44.9978 40.2556 32.1243 26.2937 41.3404 22.912 9.124 6.94385 27.3811 37.8291 18.3276 19.9096 44.4322 47.6571 14.7938 30.2032 32.7147 42.6759 6.76481 35.3441 44.8232 36.7488 39.3155 49.4455 22.9482 8.84895 29.3135 15.2137 22.3203 32.2342 10.6652 22.8011 39.2121 34.5287 13.5629 35.4247 15.2053 39.1262 17.6454 28.8317 7.43748 18.2292 20.9742 26.1832 47.5329 38.7152 32.2216 13.2533 
43.0038 16.8587 14.1635 35.7709 11.0736 38.6931 43.9782 29.5159 41.4893 43.8844 25.817 36.9976 44.4846 39.3899 7.05633 27.0916 19.9845 9.20495 16.8122 40.4741 14.3051 10.9785 45.0766 38.6374 46.7664 37.2136 33.985 21.7193 46.3946 26.1052 45.4215 20.5077 9.18778 46.1782 46.343 8.5403 47.1856 12.6746 48.1006 28.7094 6.80467 5.09634 30.2512 39.9192 42.6774 16.8716 41.7303 23.3935 49.621 27.2313 
11.9633 25.5861 24.7197 5.94539 28.0625 38.2413 35.9648 10.0243 36.0971 29.126 18.572 49.1926 8.33506 38.9522 19.0098 45.5253 32.9408 26.0749 15.8915 48.815 33.5292 7.58676 24.4352 5.696 5.34158 12.6467 26.6528 5.91693 34.2583 46.2183 8.40334 47.5251 43.3497 30.9502 34.1472 6.61049 27.8791 32.011 35.0543 22.9474 45.3466 37.9441 27.2187 30.2148 40.4162 32.4439 39.1907 45.9146 24.101 27.3961 
42.8084 31.2034 49.4274 13.3482 7.77912 45.1839 30.7432 44.8768 8.53235 22.4685 45.6425 37.5932 11.1499 41.6933 11.4223 7.9523 5.81575 27.9147 30.683 37.2974 29.71 47.2371 42.9622 31.2573 29.3552 21.3654 37.8958 26.9809 10.661 46.5207 43.3023 11.2956 35.6245 34.3216 34.1742 18.5317 49.5815 45.8596 22.3232 38.7521 36.7645 39.6218 36.3859 33.6321 26.7656 48.1481 33.028 16.8365 42.3475 25.691 
28.9433 27.6127 34.8756 17.2755 28.2719 25.3193 38.3164 25.74 28.7192 10.0901 10.5326 21.3594 46.4932 40.275 27.1591 9.24855 44.0847 36.0155 42.631 7.87196 11.3964 41.9619 21.6917 24.5431 24.4347 43.2977 46.9189 27.0837 7.28924 36.5034 31.2685 31.8156 11.7281 9.33632 5.16062 34.9503 25.3164 15.9512 39.7654 9.63759 47.8786 47.4405 28.0784 29.9434 19.4963 45.9383 7.94877 33.0765 39.8093 5.23444 
39.049 8.4494 39.1287 39.3628 40.9853 31.8533 5.85116 11.8392 7.91019 5.49129 46.0143 29.0367 36.1655 24.3743 46.6125 39.4172 27.8355 36.8952 9.63345 49.9488 47.6602 14.9557 18.9537 7.80806 21.4382 37.4148 40.682 25.8579 25.1561 34.5768 34.9472 10.6877 14.8865 18.0927 17.8272 32.894 39.5444 33.8329 19.3384 30.2504 32.3539 45.5326 34.9695 48.6011 24.3837 49.6141 35.8563 21.3319 40.1431 37.6068 
44.087 10.3195 39.8088 35.2925 25.9464 7.21284 48.0306 18.3619 28.2372 28.9404 33.8873 37.2789 6.03858 19.7612 7.44842 43.9999 31.7012 42.543 26.219 23.7167 10.6074 44.0863 46.182 49.3991 34.6217 45.2554 13.6256 26.8084 19.648 26.0617 28.8129 20.0957 18.7998 19.7496 25.8582 14.9691 44.6966 47.1927 29.7442 42.6612 12.3517 44.7779 6.18301 10.6497 45.1564 22.5144 28.633 25.5328 40.1827 32.7012 
49.1006 45.3644 32.9087 45.5649 42.7373 36.7939 10.2001 35.6294 40.5578 42.387 32.2887 6.93397 38.9641 39.7691 28.5131 20.7944 14.7543 24.9034 41.8997 35.6582 5.22316 24.2954 10.8926 45.7862 9.02815 17.8067 24.3644 32.5032 43.0805 32.5268 41.101 40.5206 39.0981 22.12 25.4799 43.2237 5.92879 38.8183 24.4465 46.8859 49.2174 27.5805 16.2682 16.2641 6.53955 19.768 15.5297 26.9735 26.4344 13.7636 
24.0589 18.6858 18.2301 33.6532 32.624 15.9579 46.7292 35.7666 38.0538 45.5216 26.6337 7.49522 42.174 42.2348 34.6608 5.65388 7.67031 47.544 5.6389 40.6184 35.5221 38.057 19.4069 10.7614 28.6766 30.1996 29.0582 26.765 12.7665 42.1269 15.4832 9.41568 12.6191 11.7442 7.76563 38.2921 33.4647 25.2541 24.0569 11.0776 23.3733 5.09182 32.6779 10.8091 43.3796 6.94254 39.6851 27.3451 12.5105 48.3501 
23.0045 47.0445 11.582 48.8428 36.6537 47.6304 41.4574 43.3162 24.0407 9.06307 9.69576 7.04765 37.325 21.4992 24.3013 36.6644 38.7627 14.6591 23.6516 14.3074 38.8157 48.4471 31.3402 36.2169 30.3515 29.6793 36.0566 23.5645 15.9849 24.0555 42.8433 40.1726 18.5006 19.4006 27.6519 34.1922 42.0004 6.29533 49.0227 38.6369 36.5861 31.8679 34.1446 41.6428 15.6131 26.466 19.3055 33.9839 47.2867 26.8796 
48.075 7.20088 11.247 19.2639 40.3383 16.6538 43.5643 19.1944 44.4656 35.3217 21.705 26.1365 14.0727 8.20692 10.2604 10.6523 32.6031 22.8106 27.2107 41.0846 15.1896 11.129 17.3386 47.4806 47.7204 10.3345 25.0458 27.973 22.6581 32.299 7.03835 36.5807 33.9787 41.937 12.0926 37.158 14.2118 35.9 28.3212 19.0593 25.1836 39.7381 49.4911 36.5724 30.2036 24.0208 18.5438 8.31579 49.9135 21.3893 
38.62 42.4426 23.9338 37.9798 32.767 35.3455 29.6707 13.2587 47.8426 37.111 21.6941 42.1736 37.8501 47.5867 14.497 13.0971 46.4035 37.8658 5.39263 23.7782 15.1033 10.3498 30.5616 11.0749 21.9342 27.3809 16.1805 32.8878 14.355 8.09941 20.0975 11.5942 14.5099 14.4775 22.306 7.40343 35.1356 25.9618 47.6898 16.4937 13.1055 18.8139 22.2741 43.3299 27.1828 48.4505 32.9237 41.9629 41.6534 48.5764 
48.3396 14.7271 47.5058 16.572 36.6298 24.2281 40.4686 46.7156 46.9356 32.5855 33.4959 49.99 45.135 9.74037 19.0916 47.354 32.8944 43.5503 49.4609 33.3493 38.1316 48.5003 37.364 13.4573 29.2271 39.0772 42.413 17.6672 47.1246 28.9806 37.3385 26.0849 47.7016 33.5498 36.2753 10.0987 42.8874 39.7147 33.6715 29.4701 17.388 8.45814 20.5222 6.29701 37.2503 8.96679 14.3219 44.7675 49.0901 28.6294 
12.6822 20.0438 10.967 49.3659 34.0094 10.8465 41.0958 27.7108 16.7245 8.95435 49.8236 20.8683 16.0187 25.705 35.3889 11.2823 13.1358 35.6613 19.6077 23.592 34.5798 5.86099 10.9769 21.8199 39.2825 36.4413 22.1617 16.6161 23.9798 29.5741 10.2339 15.4826 8.85149 17.9589 46.5949 48.6821 23.5521 6.68969 28.6723 23.0649 28.6089 22.5521 21.5394 33.6314 5.84228 24.9056 14.7173 34.3852 18.1009 28.9462 
21.2245 21.9262 16.9773 41.1307 11.5136 8.0545 33.1028 19.1212 15.5583 44.8844 48.6393 47.8741 7.42327 33.6504 40.6445 33.058 8.47581 14.7731 39.3082 24.0281 5.57253 44.196 45.1558 37.0098 17.3437 36.0767 31.3258 39.6795 25.5506 27.8878 26.4212 36.6277 24.178 42.1983 15.447 10.8093 8.49439 49.255 44.828 47.8449 20.5073 26.8756 46.9977 41.5404 22.2864 38.1394 23.0756 35.8891 14.0565 15.6759 
24.3927 25.8712 30.3765 14.7431 9.4115 34.4818 21.7049 24.5621 31.8492 25.8687 7.49468 17.1264 46.941 37.1367 33.7206 14.0663 7.43837 16.0629 7.08856 29.8859 37.5136 49.0309 37.9164 47.6221 23.7913 33.4994 27.2382 21.5262 15.5513 31.959 25.5149 35.2261 13.4074 43.2571 32.2296 25.1072 21.2542 43.607 36.5441 35.0438 22.0963 45.2112 10.8002 48.709 20.6094 43.4772 21.381 39.567 36.8306 25.6307 
9.39773 19.156 38.4434 44.8825 43.1567 34.8606 21.8612 12.4561 20.8787 45.0214 25.1833 27.4335 37.44 12.1075 28.5092 42.2282 18.383 10.9896 10.6833 38.841 40.6443 7.80654 36.7648 16.0684 29.3162 32.1465 16.1592 10.5044 46.8261 46.9906 49.4459 32.9351 32.2985 11.124 29.4335 30.764 27.5358 28.3013 28.234 49.9367 42.9793 31.2895 21.5932 11.9996 5.34977 18.7362 22.8135 17.7294 41.7107 31.4059 
44.4923 28.8432 13.3218 38.4709 45.0311 8.43746 37.032 5.73909 7.25454 42.5204 9.9938 29.6673 49.8771 42.0211 47.01 49.3721 17.9409 8.97188 12.1449 45.4729 42.3832 19.1942 41.75 20.4075 33.6517 19.6126 49.7363 37.1485 14.2428 42.3429 26.108 44.4502 21.6549 12.4987 33.5104 14.3622 28.01 27.9752 12.7146 31.2068 29.9938 15.3093 12.5279 9.89729 12.4688 8.58005 24.5884 6.6098 21.3313 29.8718 
18.2184 19.0417 28.0383 39.1435 37.8188 39.9116 16.31 16.8148 48.4378 46.2198 15.6379 36.0685 28.9959 10.7328 20.96 42.2366 41.6433 17.1469 19.8612 31.5611 40.0914 29.4552 15.3228 38.5418 32.9268 20.0895 49.5642 20.5343 14.7584 15.8996 9.24874 24.7611 11.379 49.4144 26.223 12.4877 19.6665 19.2517 30.0672 9.7768 26.7385 39.2807 42.923 49.7277 42.1915 11.5389 8.4465 5.3426 16.6583 40.3213 
13.9077 10.0177 27.0178 30.3025 11.7564 23.9599 37.1166 40.9796 17.7029 42.371 6.34463 29.0844 8.3404 46.5366 33.86 16.0335 15.5596 5.40686 38.0522 41.5005 29.6638 26.0855 13.977 38.4601 21.3771 41.2972 5.8312 16.5585 45.109 31.1809 46.9967 13.5289 17.9904 10.7698 31.8956 36.049 32.9772 40.8795 5.49671 13.9567 37.4499 37.1089 16.9784 13.5933 37.5633 47.8696 23.0952 17.0871 36.5838 17.8505 
39.6031 11.9388 26.5049 28.3992 41.1529 19.6677 14.2654 47.813 41.6325 12.966 37.701 27.1866 37.5718 36.7031 14.1768 47.04 20.8935 38.1754 7.81253 47.784 30.9533 7.85785 11.3557 28.8158 5.72528 34.9306 43.7766 40.5403 47.316 47.8508 6.59053 24.1421 49.3292 19.4227 13.1525 30.5988 24.4632 22.8483 12.8598 17.1437 9.09209 34.4576 11.7092 6.68189 7.10018 28.1064 11.6936 8.55773 12.5053 14.0048 
21.2861 10.6393 49.0374 10.3019 6.28466 42.3031 18.0701 31.1137 25.4855 16.6987 33.1021 48.6691 36.1868 34.9826 5.12021 27.342 18.8544 47.2311 45.5234 44.0086 7.21399 43.7353 11.536 41.0498 24.1297 20.9662 15.2984 49.2398 10.1438 17.6922 13.4959 33.8954 45.5424 22.1498 5.76077 36.3261 28.8145 39.7633 21.7262 46.5755 18.2399 25.6458 43.0926 49.6215 42.2294 24.8542 30.2594 41.8335 45.4439 47.613 
