264.879 434.201 195.261 338.264 322.742 187.043 112.16 101.203 127.736 172.385 139.299 190.173 277.029 398.271 23.0274 219.304 267.937 227.527 57.4041 127.156 67.9684 133.194 141.338 293.706 78.4473 224.619 17.0785 268.525 27.1381 252.671 263.649 140.196 402.768 68.0651 465.788 477.964 359.454 155.386 101.828 391.683 120.014 154.595 55.367 130.669 454.937 63.3262 402.169 357.801 91.1606 282.821 
269.381 253.394 414.189 100.077 170.644 69.7458 288.05 199.592 7.45602 186.103 162.371 113.838 48.3913 292.304 493.265 337.326 480.593 441.855 48.9167 413.81 339.694 188.002 44.8806 395.005 483.572 471.32 25.2833 257.582 298.234 487.161 6.07528 415.225 360.214 63.3316 50.7367 68.4206 81.2348 392.961 255.858 67.6872 60.3567 254.711 18.1178 430.437 175.771 429.096 100.276 483.324 77.0033 271.382 
233.261 148.36 498.037 424.042 115.93 464.109 218.103 279.023 20.5 360.224 325.094 423.494 172.79 132.89 450.596 411.47 107.149 485.968 480.731 233.321 381.956 232.563 210.885 205.592 444.338 331.704 341.412 477.928 484.573 237.558 347.401 258.811 227.274 306.426 92.7873 480.641 57.1861 411.2 69.3159 262.335 348.025 327.086 187.306 496.368 56.4211 264.042 268.853 137.79 8.97655 435.107 
429.385 63.8593 29.9427 145.238 130.741 115.354 307.431 325.312 312.067 207.129 351.464 355.739 123.239 398.195 208.128 393.814 356.789 53.6351 198.749 192.905 125.96 29.2784 495.131 294.875 264.601 144.971 179.877 130.146 123.864 190.137 437.132 187.173 271.402 112.524 95.1356 136.727 93.9431 230.727 396.393 426.252 325.439 247.297 215.801 174.227 350.596 485.058 255.367 256.562 451.326 122.203 
391.062 456.532 213.986 212.331 199.971 88.1559 18.6835 19.7479 438.329 343.404 123.525 290.094 121.541 68.8578 404.032 213.54 461.989 311.656 477.287 61.5991 206.759 346.783 270.21 109.364 20.2328 474.793 38.324 320.855 245.818 78.5626 39.2752 66.0622 39.0914 187.572 166.089 294.502 38.3276 276.944 236.383 401.668 28.5384 405.555 472.485 448.688 363.419 178.507 312.069 327.436 481.79 156.232 
480.607 26.224 307.14 352.005 211.511 114.332 280.658 200.61 419.51 231.27 221.559 256.798 302.034 224.429 188.139 42.9557 443.729 306.378 457.541 194.881 353.244 152.879 172.93 296.146 190.687 23.3222 479.194 317.958 25.5343 457.85 120.165 300.6 488.59 277.807 40.2626 473.429 459.736 200.347 226.362 478.024 100.889 141.821 210.231 265.619 416.522 94.336 437.938 169.649 238.232 122.968 
217.32 25.1692 81.543 292.681 214.385 453.039 483.377 118.037 34.5871 302.736 93.1296 393.947 126.321 380.511 234.32 346.846 407.856 171.45 96.9241 377.127 11.177 236.353 182.014 139.898 376.751 424.564 336.306 110.656 488.749 361.48 281.694 468.725 190.701 90.3599 122.931 233.421 194.395 128.418 182.224 462.59 220.656 469.975 470.351 334.267 362.36 88.644 181.151 46.3955 30.4088 150.8 
380.478 289.332 354.012 134.489 140.703 43.4649 244.901 493.53 320.202 202.912 9.2544 494.451 287.022 430.552 204.537 285.429 7.95758 251.42 15.4261 204.76 414.804 385.371 316.221 458.186 232.805 325.185 296.143 375.741 429.265 199.076 283.197 39.2999 411.832 125.104 95.8459 452.915 248.541 105.447 405.149 292.769 446.803 456.192 285.26 445.852 76.1981 167.965 281.406 468.794 392.209 42.7285 
473.587 219.883 479.318 29.088 272.738 341.181 184.388 346.616 125.944 431.623 222.562 234.912 468.694 459.16 222.268 328.045 53.1155 56.0839 353.233 217.158 136.218 83.1748 6.24818 239.456 135.154 100.305 144.308 36.2609 386.096 404.646 340.984 130.592 134.38 376.67 74.5221 116.999 188.857 106.839 454.37 75.281 42.5961 68.456 339.835 270.922 239.896 488.571 283.15 459.388 347.956 411.192 
245.284 439.681 30.4023 74.438 424.503 471.509 322.587 313.336 125.67 30.9775 386.086 248.598 280.289 300.117 179.041 463.625 341.833 9.20088 250.898 6.057 213.528 108.525 76.2353 36.7723 46.0796 261.772 74.7547 252.473 89.2296 45.0604 362.725 58.3408 402.563 230.9 98.1918 320.724 261.068 65.8984 300.6 62.7511 64.5798 460.781 281.112 456.958 336.664 153.954 148.405 332.183 405.347 388.729 
122.338 100.396 252.765 79.2824 421.849 421.375 354.534 492.707 226.604 276.059 281.56 256.149 404.483 380.233 171.282 48.0635 367.135 127.921 333.633 290.83 338.143 66.1854 487.401 299.592 470.256 347.052 348.135 282.694 292.005 336.692 302.763 448.676 498.309 459.439 11.6634 212.494 134.185 65.6958 64.6304 371.649 212.453 77.9808 20.7814 408.028 332.433 460.394 131.912 197.61 489.297 288.937 
343.849 147.408 420.84 190.066 383.86 472.19 330.045 268.461 495.408 408.285 118.595 286.879 144.068 32.4964 55.6698 262.796 236.275 359.422 399.213 50.1574 343.636 396.139 209.725 274.173 488.589 365.498 276.149 271.432 140.567 335.832 92.9243 10.8961 219.13 5.30699 319.772 351.305 458.991 323.342 37.1164 305.004 274.702 419.831 131.7 58.3092 363.449 184.743 186.395 190.313 375.008 197.224 
268.368 401.382 199.448 59.8993 425.508 151.22 410.912 71.0607 228.303 482.17 67.885 322.294 271.276 320.871 230.444 375.35 415.146 246.59 223.392 299.795 160.915 137.488 135.861 372.284 320.951 132.487 85.7287 392.2 29.1822 57.4643 139.316 121.81 288.856 402.923 313.547 51.656 10.7031 462.77 179.539 290.183 367.295 200.506 442.537 477.526 415.309 236.961 179.211 431.088 13.5438 194.749 
58.7414 347.284 429.067 242.929 218.338 94.7468 447.889 476.894 259.84 362.576 134.202 413.292 199.469 57.9906 110.458 201.439 327.841 215.178 305.252 325.95 25.2219 208.81 209.358 410.44 422.888 328.126 385.696 294.244 227.732 470.744 492.368 12.0456 66.3275 186.335 304.989 492.851 368.133 256.686 124.212 369.747 110.921 490.579 239.137 37.8245 64.5792 290.825 176.818 251.851 495.032 157.365 
246.838 194.204 490.835 264.296 101.934 313.389 223.192 464.591 148.185 13.4055 112.958 145.46 9.47606 478.275 217.428 345.151 296.262 150.694 54.7885 431.995 221.198 323.881 194.661 50.2719 39.1325 154.317 385.393 253.487 386.911 319.157 345.384 200.041 465.879 72.1644 25.2099 282.762 449.231 345.286 11.6339 98.2261 113.295 151.192 178.875 355.423 439.714 127.865 394.349 349.778 12.0902 141.518 
142.742 278.792 95.2352 76.8931 372.802 195.409 124.244 385.895 499.229 400.439 134.781 465.143 200.756 280.334 193.386 133.906 183.687 111.964 52.9666 209.103 339.258 473.467 124.695 122.857 50.673 82.1719 250.857 314.331 172.28 49.7675 236.217 394.055 391.526 461.088 66.3202 402.653 361.027 206.425 82.7654 267.216 436.077 193.522 408.398 484.966 387.897 76.1053 342.424 67.1142 403.608 381.544 
56.6375 76.0458 279.326 19.7933 201.219 387.564 455.612 489.909 418.864 201.681 152.512 257.355 27.8347 489.264 382.991 479.302 407.015 215.387 426.811 347.103 98.3816 391.57 104.26 224.538 393.657 188.799 429.686 68.055 357.629 488.898 364.171 485.822 34.011 277.966 76.905 276.888 446.078 8.74199 132.166 254.374 382.289 443.037 139.841 186.263 421.835 206.145 194.633 118.503 352.046 458.373 
37.5669 99.2045 453.474 94.7121 324.781 280.64 471.142 482.264 198.781 294.893 86.2397 102.071 194.444 310.36 293.421 254.042 219.586 94.0438 96.9063 417.664 466.723 69.8249 380.519 192.068 215.964 211.144 160.649 345.599 209.798 75.4307 84.9375 70.8187 67.6858 102.34 300.588 269.846 422.786 410.716 287.34 240.574 267.422 281.355 36.7147 407.743 228.901 181.77 198.497 487.743 434.813 347.198 
14.4055 460.088 165.015 379.355 478.631 304.931 345.075 29.4716 24.1367 346.696 124.879 72.0035 438.892 70.2738 425.204 272.493 262.57 80.2393 399.333 402.047 436.068 369.305 300.583 253.374 192.291 242.298 148.673 482.971 457.135 287.339 194.582 298.728 128.179 252.986 99.9769 7.72085 370.051 33.4452 341.838 423.905 274.148 470.154 363.258 257.68 241.875 196.51 135.324 93.7674 52.572 60.7631 
227.315 299.886 496.952 347.882 74.5959 172.443 174.971 273.856 454.453 82.831 193.396 20.301 284.484 475.445 44.5363 395.381 294.165 365.265 122.344 114.126 188.264 73.3921 146.974 18.2986 9.3568 59.3884 234.323 189.953 433.046 143.531 78.8561 339.102 316.427 466.649 269.352 46.9209 52.7046 265.412 330.569 187.261 8.16103 458.656 417.506 454.869 412.441 226.234 19.077 100.847 193.665 462.097 
482.498 49.8771 473.348 378.362 90.4653 433.038 11.9189 417.651 457.989 137.178 212.023 5.80452 8.86428 461.783 31.543 495.607 37.6619 275.749 215.803 284.428 17.2692 108.264 17.3667 173.771 45.4571 163.136 327.813 374.243 462.955 322.646 495.661 168.202 261.136 287.379 498.29 417.79 31.55 338.942 50.1766 61.8385 350.941 221.22 47.6692 482.335 169.225 141.016 488.452 198.408 386.054 138.395 
5.11455 76.7458 91.3935 24.0709 252.038 337.88 296.137 319.717 136.776 276.295 374.955 413.86 58.2396 98.9962 134.987 481.843 349.642 59.3663 356.392 186.629 36.1776 30.8024 43.1641 249.821 317.476 319.107 353.449 417.294 64.6297 238.419 395.116 326.928 263.042 412.87 184.575 134.238 394.536 418.445 451.979 196.3 346.19 234.525 294.664 358.262 380.48 406.842 17.3477 316.2 109.478 247.07 
283.112 311.018 341.381 276.568 378.062 405.83 98.9825 217.293 227.297 36.6729 325.933 114.189 284.91 250.059 480.671 295.118 103.121 366.965 62.3824 8.01912 195.642 403.739 482.99 163.646 262.458 464.52 164.311 24.8763 189.81 349.892 457.452 378.029 424.281 148.117 482.77 64.9999 495.268 429.093 139.411 85.8038 191.076 166.61 155.95 450.754 271.546 325.874 285.392 50.7317 346.37 45.8124 
472.444 81.2962 451.169 67.5516 262.257 271.638 320.339 133.839 394.66 302.451 436.594 315.987 61.6075 94.5865 328.792 468.31 327.55 390.154 420.49 322.576 398.499 170.569 153.111 84.6145 18.5099 103.167 48.7589 59.9389 12.982 312.64 440.288 441.131 40.9755 285.35 427.277 107.765 315.76 311.364 13.7903 74.0152 124.276 408.385 195.599 78.7025 155.772 198.441 267.238 152.63 14.9378 409.747 
155.942 407.444 221.475 256.923 30.2513 122.812 488.851 178.777 81.6981 74.2806 422.526 57.1679 228.15 91.114 127.7 314.45 237.566 122.762 127.478 404.781 232.6 64.668 445.613 122.192 491.376 282.399 263.541 84.3913 88.6712 354.713 30.1328 97.6861 350.847 397.719 465.788 32.354 288.87 304.038 185.158 344.939 233.623 162.753 32.7458 131.768 240.436 473.795 416.092 453.13 243.464 109.398 
282.889 137.507 262.961 117.747 127.56 464.132 311.876 55.5616 470.526 164.418 174.087 323.354 336.709 208.366 119.814 390.094 14.5271 68.2026 203.581 493.276 11.4382 52.5499 366.263 250.855 461.857 469.945 65.0983 108.09 233.942 463.707 463.805 466.956 413.28 186.568 143.8 190.461 422.557 488.977 76.3288 87.1141 128.87 62.3771 169.87 225.377 491.146 427.729 404.794 93.0445 139.821 148.423 
112.34 492.007 205.191 322.868 208.132 399.17 135.831 52.9063 172.8 498.724 42.9146 244.867 439.648 16.032 429.615 308.446 346.862 406.534 447.712 451.958 76.5695 228.051 409.225 241.257 199.367 136.966 453.817 240.773 367.666 379.781 30.4369 134.796 10.7759 473.704 419.45 457.259 232.573 45.6675 223.491 122.695 73.4579 129.28 212.288 425.228 125.001 149.005 379.745 33.306 296.74 459.226 
64.6602 380.631 252.613 216.35 419.837 41.9214 250.488 395.083 211.598 32.3525 350.462 229.94 174.522 26.9788 72.7686 405.622 48.1433 397.034 328.987 252.193 69.6581 269.601 448.434 5.06758 124.583 185.826 483.678 227.164 435.947 366.262 41.6225 240.918 38.019 209.58 363.54 147.036 34.1679 471.18 182.48 36.3875 418.046 490.435 15.3256 29.5586 420.999 168.578 388.12 244.344 292.365 382.259 
27.2588 288.424 6.81259 40.9111 164.264 324.295 13.59 357.39 237.986 11.8877 465.375 375.891 472.706 60.8528 277.706 186.67 475.655 304.747 375.746 428.1 437.396 115.411 406.619 104.001 206.91 367.279 406.046 450.616 376.799 311.324 85.1152 215.802 496.784 51.8116 68.9208 499.966 390.14 96.8227 311.788 99.5639 431.596 20.0241 108.443 274.617 485.347 70.9416 132.868 466.259 283.141 247.689 
86.3002 389.844 174.1 317.098 8.87783 353.195 283.871 124.481 132.373 352.83 497.984 112.695 335.904 350.942 5.50064 361.864 140.584 353.9 408.497 47.9944 351.283 138.69 41.8008 446.26 421.908 359.486 425.491 265.771 442.968 159.886 441.114 264.638 133.458 18.0128 229.579 446.772 176.897 60.4156 41.5188 472.544 277.849 483.572 390.28 54.1013 369.53 386.13 31.7216 177.047 150.266 156.196 
376.85 450.259 329.154 222.964 173.328 296.48 30.6794 484.609 396.328 289.326 6.3528 146.071 394.045 9.76482 118.468 279.306 469.175 192.946 12.6615 125.472 244.998 202.7 219.407 281.859 27.8414 117.636 471.392 343.416 437.587 347.669 447.421 55.3149 324.426 403.807 387.234 228.795 263.278 68.7057 437.407 88.7797 140.422 233.033 446.571 30.2979 347.324 443.669 408.26 322.556 219.307 344.053 
381.135 292.104 387.072 273.555 144.464 5.02743 357.132 438.207 197.657 276.38 49.047 34.4593 466.2 14.1336 123.789 280.272 175.533 458.204 355.589 228.352 15.3153 430.212 309.682 482.287 274.087 249.874 357.669 198.356 260.017 237.736 373.392 456.609 54.7758 26.5629 15.2587 482.652 461.075 365.072 229.992 38.7062 373.384 30.9818 475.805 195.517 178.65 124.57 31.8256 224.862 456.426 185.957 
95.5389 41.5828 144.808 51.1428 139.834 399.025 98.2509 462.856 149.623 297.587 245.106 245.628 461.703 29.7894 251.232 421.665 74.7088 479.925 431.578 296.633 398.544 250.843 191.667 152.309 139.757 413.072 75.0422 83.4556 441.929 361.923 113.223 317.079 498.925 145.085 32.1088 114.923 135.179 225.242 345.081 138.972 393.719 173.737 321.664 70.3109 401.788 198.912 229.817 391.922 178.72 236.445 
200.814 454.982 258.474 72.9865 35.7406 209.918 418.764 322.861 408.092 189.841 93.0604 359.092 97.7919 254.394 101.875 315.971 234.083 440.853 438.185 457.196 378.1 391.759 448.44 292.685 138.045 405.059 257.81 409.618 142.439 371.679 130.174 260.506 17.7005 153.8 128.366 263.591 184.434 306.77 285.631 258.151 19.7953 268.779 408.077 89.8945 343.15 137.05 300.024 479.702 216.75 332.608 
220.204 377.893 444.467 241.309 126.762 201.096 62.0923 499.968 229.114 190.03 137.374 456.337 105.316 155.732 45.7136 10.1113 376.648 8.69116 433.008 315.927 276.153 98.3687 196.981 25.2399 227.947 179.966 56.389 339.932 198.168 275.738 281.952 192.26 276.478 349.689 216.484 210.719 124.932 190.953 361.735 215.083 274.414 10.7648 269.393 129.862 210.232 496.775 189.989 6.53202 109.002 67.2952 
237.047 437.356 372.541 498.957 27.9938 274.676 157.271 71.1638 476.05 121.398 74.5477 347.59 441.597 179.722 157.534 50.8681 176.883 388.692 338.151 7.10292 195.322 405.613 224.656 257.079 328.433 35.7908 108.161 91.2563 118.124 476.075 80.5799 259.942 128.995 211.201 172.683 220.304 43.349 223.886 422.157 269.8 385.856 189.195 182.003 287.308 150.34 370.76 496.626 174.82 30.8526 412.325 
175.066 270.95 396.093 235.789 407.196 492.196 406.857 313.242 276.61 408.837 117.896 167.496 348.133 31.4528 272.984 160.023 152.245 65.2056 272.266 94.7197 217.603 163.276 221.603 31.7815 301.394 486.974 155.815 155.952 494.463 125.348 197.562 199.835 298.523 290.151 16.5792 125.085 24.014 308.012 227.36 438.307 275.283 186.609 389.249 398.5 185.35 126.388 360.154 234.964 448.23 252.151 
195.487 122.843 468.915 294.742 44.1194 301.733 297.538 102.708 297.963 388.208 392.879 465.484 71.6182 195.769 200.054 84.1103 283.318 84.2245 73.596 60.7549 78.4471 341.522 270.455 339.211 416.211 432.946 240.858 117.979 416.613 128.314 95.5654 239.159 131.917 263.096 438.311 22.1349 24.2005 232.559 191.618 24.81 220.486 226.99 201.579 245.29 410.875 179.374 168.069 437.058 146.277 331.325 
95.9648 90.8755 264.651 10.3216 471.456 290.102 458.756 346.733 313.563 171.671 107.679 55.0218 87.0906 289.924 253.818 365.013 14.1192 248.434 383.697 32.0814 292.166 465.713 64.8951 365.466 351.34 389.118 307.843 290.303 82.9422 447.842 188.908 32.2239 33.5311 283.247 337.443 59.6631 126.994 204.389 141.208 44.0751 335.059 283.271 278.685 35.5779 371.469 167.766 441.876 404.63 133.834 447.689 
51.7229 12.9088 356.75 415.227 391.306 75.9085 239.13 267.062 85.965 179.392 496.37 223.211 79.4495 386.196 201.603 90.6369 164.899 114.756 229.722 381.333 421.349 265.473 417.795 139.338 482.213 174.064 481.471 471.367 312.845 302.41 42.0236 367.026 190.881 131.979 55.5085 390.648 225.497 296.604 424.317 181.57 347.034 205.71 110.206 318.489 61.0206 372.813 108.576 271.181 191.296 392.413 
348.464 239.156 463.653 332.8 308.4 399.731 249.852 470.141 400.028 439.167 330.981 7.13887 215.956 337.352 320.209 112.485 334.863 125.651 443.913 49.953 363.451 371.658 175.437 418.537 368.519 206.503 254.063 474.071 247.789 487.048 115.211 493.042 161.416 24.6285 32.5534 291.295 464.495 421.391 68.0844 476.578 459.176 419.406 494.129 463.589 254.486 86.4108 345.025 146.491 446.934 192.344 
48.9752 380.276 160.298 348.88 461.844 174.281 261.294 419.829 475.02 389.322 246.434 499.288 154.437 226.482 264.378 421.493 28.7578 343.088 330.933 172.959 122.588 356.605 366.058 490.418 474.207 331.343 15.2857 310.477 163.943 61.8982 267.727 224.639 361.84 469.962 344.184 360.787 224.36 6.77052 314.688 358.973 117.193 196.198 485.31 343.14 317.564 148.097 249.153 187.992 262.963 303.816 
244.258 13.6813 429.35 210.95 240.741 46.9525 45.5615 313.443 276.266 425.31 421.415 252.037 41.7132 17.2834 183.719 184.742 121.869 41.3906 366.504 126.229 423.248 17.6772 369.342 189.282 73.0721 385.367 213.974 411.705 118.658 17.8499 439.267 450.401 294.927 355.188 47.9997 201.299 444.87 13.0946 234.473 123.948 103.43 449.515 495.685 126.478 302.184 357.97 108.576 200.582 497.49 19.9706 
150.64 385.828 121.512 441.99 114.713 463.428 235.357 339.415 154.395 365.398 223.605 318.871 85.2414 469.356 253.985 428.859 170.503 209.337 132.396 402.898 106.662 123.368 284.085 425.101 274.367 448.543 323.493 98.4391 481.997 136.364 160.585 370.471 244.676 287.875 126.808 253.125 323.864 139.304 436.967 90.0039 437.231 84.8577 366.011 313.764 214.907 271.193 178.311 57.0001 30.0721 429.377 
347.499 295.107 42.1678 45.116 379.995 140.858 195.135 142.544 391.176 107.45 277.947 363.485 411.289 353.971 40.8394 466.184 102.36 188.384 93.2864 27.8953 400.76 16.0335 352.135 497.256 161.319 438.333 274.717 184.236 405.937 114.782 133.69 325.911 493.833 447.323 77.9832 301.53 370.817 221.685 415.106 494.957 270.047 490.536 103.527 301.747 194.606 465.134 178.565 74.0684 154.156 43.7612 
201.542 99.2681 402.216 456.094 470.57 436.526 444.092 209.174 221.019 447.879 138.276 57.9936 439.27 20.826 145.973 182.228 117.225 259.983 290.456 431.458 489.233 447.1 104.557 232.088 279.701 319.711 428.291 348.126 427.219 432.576 292.49 264.554 27.8955 247.689 245.993 164.384 79.5015 187.033 496.105 330.699 164.401 327.311 423.693 440.949 467.109 376.447 166.597 299.381 167.597 19.8044 
476.529 331.276 430.601 419.975 178.763 153.494 192.948 477.992 301.138 289.903 66.0172 31.8355 250.651 484.481 264.88 464.363 291.225 94.6158 56.9195 106.663 324.404 406.078 170.346 392.848 391.36 233.823 386.762 187.057 317.543 87.5519 241.821 219.112 336.398 70.1784 155.956 333.419 453.732 182.02 144.955 488.706 165.169 472.616 125.231 241.318 459.811 434.596 340.223 266.122 369.394 453.028 
386.646 167.43 274.532 108.969 230.794 10.4536 400.714 78.5558 45.6499 393.111 352.41 362.365 333.251 312.027 479.025 23.3194 219.947 73.8674 59.3907 254.339 320.272 75.4847 345.728 178.039 113.7 459.424 26.1516 83.0207 256.349 233.303 66.5788 257.713 246.474 285.039 142.174 83.7582 495.654 368.167 474.333 441.769 194.041 496.393 225.44 384.471 193.663 417.287 91.0989 13.0473 258.586 138.685 
137.025 187.452 300.421 383.272 452.295 369.81 277.831 126.932 303.914 133.156 353.439 423.276 83.166 385.254 73.1233 336.246 329.413 324.018 53.7799 345.465 351.996 102.595 395.883 52.2388 187.001 360.957 173.638 419.074 492.585 334.504 63.0898 286.162 176.026 219.529 137.263 447.895 342.979 306.491 368.556 263.042 469.206 384.265 326.752 237.729 39.825 202.716 314.457 492.326 362.678 90.5122 
22.3922 459.036 190.097 294.512 334.947 254.529 312.223 285.399 48.5613 399.994 61.2564 450.041 470.706 416.953 336.184 383.946 159.314 135.389 207.831 435.937 384.162 335.954 115.732 137.007 27.6097 246.34 451.44 408.745 377.495 260.938 454.309 405.193 210.752 8.03507 244.158 294.216 461.384 191.809 375.236 390.945 299.03 367.2 309.622 266.301 187.126 8.68118 481.658 222.933 141.159 170.325 
