16.2016 19.535 13.4125 14.7001 9.08359 42.1998 27.8165 22.518 18.3908 29.1937 11.5873 28.672 24.216 27.7737 23.7417 10.5537 21.7786 10.1834 26.61 22.0399 47.1875 13.0071 27.9771 12.6759 35.7305 11.694 45.2659 10.0166 8.17481 17.1038 17.6084 28.9653 21.143 34.5821 34.2319 25.1593 26.9679 8.54535 26.2076 10.4636 39.2745 31.87 16.785 5.68886 26.4118 24.5085 37.6096 43.4925 45.6302 12.1391 
7.84564 46.7836 36.0456 33.6662 46.3076 30.0503 23.3045 19.8083 7.81298 18.0539 38.2759 28.8647 42.5113 6.77545 37.6642 18.7026 44.3597 31.2714 44.7103 45.3488 37.7872 45.6169 39.6462 29.6888 19.2587 31.3845 37.0941 43.7498 12.8674 15.95 46.1064 33.8513 20.5093 13.5324 29.9044 30.6677 38.099 9.40514 25.4037 39.7446 10.9792 35.2754 10.5997 41.2816 39.7481 35.216 24.675 48.139 49.286 13.7859 
40.2426 43.6634 24.8605 26.2729 12.7606 30.8354 9.82639 8.92262 36.3755 10.3861 15.7644 18.0051 46.074 33.718 15.7616 21.4604 41.9509 15.4612 31.6768 35.6263 26.3544 16.8058 42.5855 39.7281 47.7425 38.7063 9.94524 49.5579 39.0782 30.4244 17.7054 48.9463 25.4426 21.2224 40.0348 25.448 46.8189 17.4405 22.7449 8.55841 27.1764 47.8023 38.4186 32.2624 26.0119 28.7202 10.918 26.4257 39.4504 22.4158 
21.6319 31.2381 18.9352 18.9498 46.6822 21.1239 28.3203 17.8979 19.8846 11.4248 25.7328 13.6465 43.6708 27.9064 47.0138 24.3527 16.4827 17.1166 40.2769 47.1683 29.7121 18.1279 13.7189 19.4337 15.2749 30.7421 22.8255 7.39756 15.1272 32.7961 23.8568 25.8989 8.03571 44.7566 25.1188 19.0131 28.1925 27.1035 46.7737 13.6033 30.2294 18.6893 36.0448 49.236 45.921 29.7568 10.1901 27.2366 28.6288 28.4217 
35.1251 21.5615 34.7197 49.9492 7.82552 18.4905 22.7223 8.8826 28.3759 27.5931 39.0185 49.612 10.495 29.8325 26.655 21.4549 26.5894 10.7736 25.0389 13.0565 35.0334 16.4476 44.2212 14.4161 12.488 7.09708 27.152 45.4693 31.9917 39.226 37.0265 17.878 7.12555 5.03773 35.7933 13.933 44.0878 21.5739 35.9453 33.8599 25.7317 25.3177 16.2571 39.8969 6.44061 35.0156 28.9835 17.0495 40.3727 44.4741 
16.4151 23.5143 34.4365 46.1284 43.373 5.90769 43.8731 19.7843 16.2104 6.53754 17.9364 19.6053 25.1993 39.5824 19.3601 42.448 20.983 27.4449 37.5993 25.347 7.00817 23.4077 33.6067 49.6277 14.2784 43.77 38.3188 24.6903 40.0335 23.7899 29.8213 16.3739 9.85668 34.4299 26.958 23.2561 24.9785 31.5276 33.5781 46.3899 25.4848 31.725 32.9122 42.7566 13.6977 47.676 21.4824 26.0442 20.5232 12.6383 
44.2312 43.3214 49.7255 21.7066 24.0569 21.2007 25.091 23.9511 5.1632 30.6476 25.2008 19.1961 45.2721 37.016 23.7237 31.6773 20.9439 17.4406 32.9587 11.4807 33.1275 16.9702 48.7333 14.2049 7.7784 48.6778 31.6575 47.1112 22.9747 30.9747 47.6997 12.4584 47.6777 11.206 22.4382 11.1636 31.8076 7.24877 38.604 42.008 37.0097 29.7188 42.9086 5.96405 24.7377 31.0546 6.43743 11.8721 5.73992 31.22 
12.419 29.3237 49.8686 8.91304 8.38903 10.686 32.2014 20.9948 38.9854 34.8917 44.6133 38.3729 31.3104 35.3556 23.4006 24.0741 27.5445 11.5014 23.3033 41.3699 49.9259 39.6133 5.09475 23.3442 36.0587 7.9028 5.24432 48.8653 9.29332 5.66012 24.0162 38.3508 41.9994 38.9303 27.3878 30.0937 18.1966 9.39796 47.6234 26.3515 33.615 6.20431 30.5225 45.8794 34.6459 45.4841 15.0435 24.7446 42.0984 29.371 
19.5248 9.26221 13.5607 44.7594 43.7484 16.9734 31.8262 39.2258 48.7259 33.3655 44.6939 32.0462 24.0302 49.5484 20.5938 15.6485 26.5929 49.4885 30.6726 31.0582 17.9514 31.9568 40.8044 10.5428 22.6648 41.6 49.6327 41.4716 5.8691 25.0385 16.7624 24.4882 9.79046 48.1935 31.6237 43.4522 27.4646 42.6134 14.9433 22.5871 19.2039 27.0695 5.33965 21.1318 40.0904 33.866 10.1697 29.1274 43.4936 14.6356 
9.62586 34.9085 27.5798 32.351 9.38182 14.9499 32.1823 44.1255 19.2254 10.117 12.2443 19.1096 13.5624 36.1704 6.81108 26.3335 30.0966 19.3478 10.6794 23.9938 48.8402 22.8748 13.9726 23.0053 10.0486 31.0087 10.107 24.8206 17.6242 49.8303 37.3032 35.9105 17.6135 32.2622 6.3989 9.88186 25.1869 24.0855 18.0239 5.07918 13.3667 9.61723 30.4995 37.1403 30.1208 40.0146 48.5911 11.2506 39.6868 35.072 
16.2541 49.6751 20.1553 34.79 19.8866 32.7056 39.6646 37.3341 46.9422 22.4967 21.137 22.1466 33.0912 39.3914 17.2907 47.7561 9.83504 26.1848 11.5308 13.8412 29.2459 6.76895 42.2866 27.4676 26.5644 22.6705 43.988 45.1425 46.5752 5.97895 5.15969 12.9435 37.3379 13.4101 17.0058 39.9351 24.4352 19.427 46.1641 18.2193 30.958 12.9857 42.8311 32.8176 37.1499 18.7347 16.6189 39.0158 35.8236 28.0427 
42.788 49.1043 38.5583 16.7476 17.4961 26.4347 49.1363 35.7328 43.3063 22.1933 26.4867 13.5288 11.5229 36.669 42.9668 27.5751 49.9162 42.5483 36.2346 33.8598 22.7695 11.5152 17.2438 43.8894 21.9735 40.1768 39.9034 25.348 20.6654 11.7735 47.0328 28.0473 10.1411 23.0879 24.0872 41.6403 33.7519 45.3361 16.8955 25.0967 30.2271 46.524 20.9633 45.1671 33.0303 49.039 9.95989 23.0704 35.6281 38.3156 
24.5436 26.5667 28.835 32.4369 23.3545 24.8609 24.7368 11.3867 12.8503 35.3222 21.6076 8.31153 5.85904 47.2863 34.668 43.7705 49.7103 32.0694 46.3486 35.2578 46.6169 27.7852 28.1558 32.1142 25.0114 42.9149 34.2066 31.4419 28.1407 32.5393 36.4638 27.6057 49.5462 11.2578 8.0964 13.7294 40.2664 31.1772 5.92449 39.8404 13.6533 15.1174 18.8892 25.0133 36.2185 20.3449 25.4216 46.7677 43.8517 42.1866 
28.112 38.4871 36.4846 47.0652 48.0269 11.8733 34.8598 30.6399 28.524 30.2026 37.389 48.294 40.6867 41.7575 28.3995 27.4905 22.871 35.7848 40.6736 21.3084 44.0491 22.5977 23.0692 32.0369 44.5751 12.56 14.7842 15.8781 36.2635 8.86925 24.1323 25.5563 36.5622 15.5439 27.455 16.4279 23.7758 25.3848 19.7292 26.1674 14.9548 29.6083 22.3493 46.3678 28.0358 48.3315 24.8379 20.9624 45.4017 13.1776 
28.3608 29.4655 5.22155 21.9214 5.54357 45.1874 20.5557 12.7543 49.1638 33.9498 41.1209 43.5775 42.8936 39.0012 36.2889 16.248 42.7834 48.6123 8.67413 37.0461 38.4541 29.124 24.8676 37.9854 42.272 16.8019 36.6383 7.68905 44.3927 49.209 35.0337 19.3274 20.1878 6.3054 23.9934 13.1306 10.772 34.1894 9.72327 47.9564 48.0874 6.55665 34.616 33.124 10.8797 7.97304 32.3683 15.9158 14.2462 15.7262 
19.0764 23.8531 27.6628 39.2043 19.9701 33.0118 45.4727 20.768 12.8326 35.1194 13.5346 7.291 15.8405 39.2738 48.8931 6.39221 20.7673 41.7355 28.7867 38.5265 20.8599 11.7309 46.3079 28.3093 17.1602 7.54639 14.7736 46.6581 36.0821 44.2915 34.4616 18.8047 21.3567 39.2095 20.6491 15.4852 39.1337 25.7171 20.7393 29.5237 28.7631 42.1896 32.7964 15.4413 34.8205 33.2354 48.0248 49.4447 19.7839 43.6524 
23.8875 16.8852 45.6559 44.613 45.8479 34.5871 45.5375 35.2404 26.7108 20.0598 32.7983 8.04898 30.6708 17.9956 39.1221 13.3292 31.399 29.9596 34.3845 35.8456 37.2956 48.6075 34.673 15.0281 26.5526 14.196 25.8522 46.0234 17.9156 21.1852 31.7761 24.1654 10.384 12.4818 14.5456 7.46447 34.0295 31.8117 20.6113 11.4738 12.4965 5.39888 36.0954 13.7151 18.3063 5.84193 38.1111 46.4613 48.9507 28.2708 
7.70795 32.3413 21.1096 29.9634 12.4167 17.9825 46.033 34.9615 29.938 14.0517 13.8534 40.3058 37.7414 28.8639 27.8903 43.4869 6.1982 29.6835 43.025 15.6652 17.9204 37.2682 47.0411 14.7172 26.0264 18.7249 40.4444 19.2308 16.8211 41.5229 13.9377 11.9137 24.4541 17.6134 23.7959 47.4826 31.8876 21.6374 39.7699 49.9 37.4222 40.639 10.7988 33.1953 20.8838 7.1373 31.3919 33.9692 37.9225 26.4506 
46.2851 12.7237 24.1975 31.6103 7.46495 25.1687 12.6727 41.3219 13.0328 12.0015 31.9813 46.7938 24.274 38.0926 21.3042 35.712 18.1041 23.2933 14.222 43.6086 12.2964 14.2738 38.1355 29.3909 32.556 39.3446 44.4401 41.545 43.2391 13.7585 16.1051 13.871 24.5885 46.8159 29.9324 21.1511 7.82018 42.1264 10.0927 49.5246 43.8215 37.2265 33.2969 27.7063 25.0484 34.9535 14.9196 11.596 17.655 26.7517 
13.4282 37.3356 31.9756 5.95039 36.8872 28.4294 5.66978 45.6892 48.9538 34.0283 20.14 19.6185 23.5922 16.544 45.9248 45.6355 49.6304 18.705 11.8664 19.6649 20.4202 13.9625 46.3722 31.2271 31.3053 18.0271 32.9322 20.6275 16.0648 37.0816 45.6833 31.3295 24.0139 7.05638 47.9971 35.5904 5.89057 7.32916 24.0647 48.7553 39.7661 43.8515 12.1745 32.4249 16.2089 40.7084 28.5299 36.0189 29.6525 21.5884 
49.2283 11.1099 6.75606 42.9577 34.1515 15.1735 30.6982 28.3239 34.0403 49.8561 35.1486 16.0224 36.7357 21.2244 43.1903 19.1271 14.9647 33.8439 11.812 19.4887 32.7427 5.04322 40.8796 30.3587 42.2921 21.1884 23.1576 16.3239 17.7719 6.97536 10.5886 5.048 20.2867 33.8571 42.8283 25.6379 14.6164 8.5318 38.4201 16.5917 19.1821 23.5478 36.149 47.5235 36.7086 23.0492 46.477 22.3893 11.0485 21.0763 
47.2723 28.5366 39.3685 45.3049 29.3375 25.3927 18.0318 47.0259 29.3752 37.7087 25.6353 49.7648 35.1208 49.0666 39.1554 31.9025 26.2544 39.8261 48.6922 30.6016 33.2475 6.42558 42.9924 16.042 47.7771 34.7607 10.676 25.5199 42.0939 34.069 23.7024 25.1776 23.6949 16.5016 36.0259 28.8128 25.8774 30.7227 29.1363 45.646 24.4374 30.977 47.6426 30.8259 28.5595 6.2942 45.9091 24.0129 34.4122 17.7316 
13.5886 28.5708 47.385 9.91254 12.7546 16.7225 35.462 15.8874 19.0843 23.846 10.193 28.5539 20.0099 10.976 34.0469 46.0211 5.64066 49.3349 37.325 12.7308 35.0001 6.90235 42.2967 14.8288 48.4329 36.0661 40.1782 28.0761 14.5839 10.2206 13.0646 18.226 45.1443 13.4812 46.722 10.2004 37.3467 32.9917 49.1983 7.3335 29.7341 26.4798 46.1648 34.7103 22.4709 17.5802 40.4329 18.2699 32.8232 5.4952 
38.6113 28.97 13.624 49.175 31.2628 34.2525 18.3771 24.5135 47.8373 30.9729 45.4071 19.7329 20.8879 16.1986 26.2157 36.0558 23.2764 5.94464 7.52748 22.4623 35.4218 29.4413 39.8664 30.1682 21.3966 14.5634 45.7663 9.73986 26.241 26.2127 39.5081 46.0347 46.23 43.243 17.5306 21.6044 28.7453 47.2385 38.3216 12.9963 38.4394 28.1499 32.5148 28.0581 7.55535 8.74509 32.2634 24.2475 48.7748 10.3537 
48.1811 39.5438 9.68117 23.1721 8.27009 10.558 40.3989 16.0695 45.4328 31.2671 38.4265 16.2932 33.2677 35.3958 5.53499 15.5176 16.0902 39.6978 17.765 37.534 24.3474 12.8644 6.12192 39.8128 33.8783 48.6583 47.0972 14.8544 16.6852 13.0717 14.6183 43.4857 5.4187 22.9214 7.83754 40.1608 15.3674 14.6475 39.7496 25.1468 26.4544 25.3768 8.48223 37.5256 24.029 21.2726 14.6723 34.1491 13.6985 37.0916 
28.5849 47.0056 29.9795 42.2114 11.8156 24.284 36.2642 27.4613 12.7412 18.1044 15.5154 11.4752 30.3229 26.9436 48.5792 48.3181 8.49714 13.7386 17.3664 37.1044 20.6052 15.9339 15.8479 15.3009 47.2221 26.3212 12.5635 12.7755 49.1519 39.4059 13.4702 31.6382 39.7857 49.2271 36.8502 37.2076 31.7033 33.077 10.8684 20.6107 41.8407 6.53419 7.18274 39.465 8.31996 24.6615 45.0169 27.5497 15.0021 11.8795 
43.3043 13.6384 16.6139 15.4885 35.5117 38.942 19.4183 9.36165 45.3258 21.8964 37.5461 9.06769 42.5991 28.9508 15.3986 20.1175 33.8304 39.4572 24.2063 16.2231 16.7412 37.3207 48.0955 25.7262 27.0624 29.8521 38.6391 8.70788 28.3175 8.90506 32.4718 17.7496 47.631 33.3367 37.6824 29.2869 20.4891 30.1949 23.4483 43.5334 43.671 48.2569 14.3594 11.2783 34.2312 13.7445 12.8727 45.2713 36.7292 15.7304 
10.8071 41.0991 25.5293 19.7136 18.4856 20.2964 17.8518 13.4904 17.1201 32.3856 13.5078 22.3858 14.2493 27.4954 20.5959 39.428 40.1236 25.6926 15.4936 15.9505 41.0037 32.0789 17.3582 13.5524 10.5476 35.1027 35.9228 11.7727 40.1381 45.4487 44.4315 23.7719 47.2648 39.3391 15.6591 48.9839 49.7528 11.1569 15.8386 22.8753 7.90802 21.1614 34.8935 40.04 26.1504 39.2171 21.0468 11.9044 19.1881 38.4378 
48.271 30.9147 42.1119 34.2873 29.9744 34.7894 5.23294 44.7185 24.5414 40.2233 41.697 34.4248 5.44365 45.1606 14.9242 31.4158 12.1011 36.6826 21.7835 46.0385 14.3796 21.4377 30.9279 8.84011 5.29588 31.6998 13.6753 5.69809 31.7899 47.3434 7.13623 5.57666 11.9229 24.8173 34.786 10.6513 12.7917 37.6515 25.0057 24.5029 23.4176 16.3303 11.8484 22.3801 40.6186 40.4246 9.15003 39.0699 24.0532 26.9745 
15.4151 47.5184 25.0044 34.3645 13.8633 7.52787 24.6367 13.9313 5.33845 11.7206 7.83357 20.2723 43.1129 46.88 42.332 27.1335 27.4312 28.3297 42.4883 23.8187 46.9186 12.7551 12.2917 23.2474 33.5132 25.5134 23.1214 7.87238 38.3269 26.937 29.7759 46.8572 22.309 9.80848 14.0679 23.362 30.9198 30.9943 31.3625 34.0938 12.2716 12.2406 10.1478 5.72879 28.0749 6.96807 32.2788 24.9616 22.5605 25.6578 
18.5922 25.6473 6.70197 34.7223 36.3901 30.1714 40.65 12.8293 17.5835 11.6365 42.9255 13.5193 10.5133 46.4716 43.0327 46.7997 41.1146 8.49187 41.5322 12.4566 44.1298 30.5751 30.457 40.3154 6.87718 21.409 32.3674 37.4576 42.4343 42.7744 39.0703 24.3598 7.30414 34.942 33.8872 46.2745 22.9975 26.2932 22.129 32.5682 37.1933 20.3455 43.7576 49.6277 15.6143 14.4147 11.9747 25.7712 21.5073 24.725 
42.0031 43.9193 12.8995 30.3735 23.4282 43.5647 34.72 6.8097 26.0998 5.90088 10.4513 10.3487 34.9409 9.09091 10.4314 47.6236 41.143 27.0685 11.5758 26.8833 19.6415 33.3914 49.3801 8.69556 23.2247 30.4905 31.162 7.55253 32.3765 6.17443 28.6286 37.1387 29.1352 19.8151 35.0762 13.3703 28.4853 16.7499 41.5215 27.6406 30.7304 28.2456 47.0372 20.9604 30.9504 17.5165 42.9186 37.1289 6.78713 31.1789 
20.5244 26.9674 29.2071 18.8149 49.0945 47.4502 23.0986 5.63768 36.1191 48.4562 22.7444 38.2829 18.7805 44.6236 14.7571 23.6931 33.3624 15.3756 43.7766 24.9067 40.6549 38.0682 32.282 16.5864 18.296 33.713 11.8869 19.3629 18.2339 19.9718 12.7003 26.1395 8.55936 15.9109 40.1169 34.3558 18.1933 40.8776 48.8715 45.5323 11.2224 49.39 35.9366 33.912 8.74923 15.5619 42.3137 26.2321 29.4866 34.556 
32.0707 35.339 25.7013 42.4613 16.575 47.4635 41.1458 35.814 48.5927 15.4668 23.5066 29.0018 48.5526 32.8315 34.2684 26.227 29.8791 31.6532 19.9649 45.3909 9.53948 11.5977 37.0263 49.1853 31.2058 48.6852 35.9075 40.2076 48.5678 19.2619 21.4406 35.3661 18.1783 36.0904 43.1111 28.1104 37.7947 37.5515 39.4791 16.4461 21.9834 9.43854 27.7152 28.9503 28.9031 12.5796 15.2975 28.6615 48.2153 15.9926 
7.20219 49.3648 43.3758 17.4151 19.2042 8.59971 29.9029 44.4781 33.919 40.0327 39.0597 7.79862 5.47566 11.8839 49.2514 10.9365 32.6548 27.1385 24.9578 15.3875 13.378 34.2583 22.8959 5.90887 30.0473 17.2314 20.4281 24.8525 13.294 22.9163 17.1933 23.3505 34.9946 33.8925 38.4938 7.55566 33.915 48.9712 32.0476 17.6168 47.3677 18.9161 15.1256 41.7069 8.03097 5.99286 35.7381 24.5601 16.7811 46.5353 
31.2487 40.7837 22.3438 21.0015 38.7317 33.2822 23.0969 31.0858 19.6332 42.4344 41.99 37.7302 32.2535 48.7028 35.4979 21.6231 36.44 38.3593 36.8393 28.2556 44.8255 9.81436 44.9524 36.6522 42.0322 46.0358 42.9845 39.7622 47.2161 29.8667 17.8223 15.5341 38.6048 29.5314 8.40134 48.0568 7.82612 21.2982 36.5135 9.16884 18.9015 8.07539 45.2358 25.7196 26.8078 29.1258 48.2447 45.5216 5.52229 9.12631 
9.74351 15.4864 19.9612 36.4569 21.8083 49.2187 14.3694 10.0049 31.4056 16.4185 18.5889 45.8956 17.5162 30.5148 24.8837 25.5849 26.9658 24.9174 34.6441 37.7696 49.2939 14.3107 36.2832 35.5141 30.6289 41.6195 42.3966 45.4611 44.8867 45.001 31.9386 39.8666 26.63 43.8241 34.4485 47.8466 10.8232 38.0326 17.1841 20.6835 25.5935 39.743 30.9849 47.5182 34.1659 46.1542 8.50824 26.9608 38.1446 12.0384 
5.37043 39.9797 30.3368 24.1696 38.3143 39.9351 43.8734 32.0332 5.28205 31.5747 36.0206 48.2064 44.9019 19.6803 19.294 30.0663 35.1849 19.4319 9.99287 46.0282 13.0336 24.0282 44.4402 16.3877 47.0759 17.164 16.6813 10.1404 19.9367 5.46008 35.3357 23.2458 46.492 17.8224 31.8907 10.0644 47.7023 44.9097 15.3024 36.453 38.0541 37.6071 6.54982 15.262 47.4687 20.3498 40.7553 21.2244 31.5159 40.4317 
37.5489 7.41677 12.2984 41.4335 32.7806 16.8998 33.3876 5.47082 15.0697 8.76577 31.3668 21.8991 22.1984 41.1229 10.7277 5.76964 41.7521 25.5792 6.66617 30.3103 12.891 27.8751 23.8307 31.2454 47.6151 17.2095 35.6899 31.0026 47.4188 34.1804 45.7655 39.9736 10.8461 18.1106 15.2004 7.86331 36.7109 16.1458 28.0222 23.7596 29.5138 27.4181 41.0155 41.4294 10.0358 25.6064 18.958 14.858 37.1675 6.91633 
30.1998 45.8911 44.0559 5.44821 26.2697 49.3137 44.3934 49.9102 34.0013 28.545 28.5444 47.2614 28.9946 13.4198 33.3115 14.7319 20.0723 26.2938 12.8213 12.7177 6.38889 30.4669 18.9634 32.6525 30.3508 41.9501 22.9664 34.4156 39.9874 42.2729 48.1647 31.6518 10.7587 21.6101 29.1973 28.345 25.4369 41.7891 7.08222 23.5761 36.243 49.8756 43.0788 18.7787 15.2018 9.67849 12.2778 9.17369 5.19876 33.806 
26.3499 41.4447 30.6766 21.0725 27.8452 12.3669 49.075 43.3924 34.2271 39.9157 6.9686 21.3646 24.1081 25.2275 5.66379 33.493 38.113 33.9529 23.2131 11.6446 34.7915 6.76645 43.9676 11.3449 20.832 18.5008 5.7922 33.1722 26.2657 38.3864 15.4712 49.9644 19.4577 45.1062 12.1056 7.98121 36.1008 48.2212 31.9401 41.1428 26.9541 28.9304 24.1303 42.655 37.6249 20.7869 37.6772 29.183 19.648 46.1057 
21.9677 49.4448 46.8949 17.8798 27.0547 23.7739 41.7159 7.78929 36.3606 19.8781 39.2312 13.6504 48.8257 21.1734 21.1957 12.9731 31.8158 24.3934 48.0919 49.8493 36.0255 19.6929 16.6592 42.1402 22.5194 21.944 5.25028 15.7666 34.6412 41.3722 12.0669 42.7893 16.76 45.0512 48.9895 14.1811 37.0065 36.1344 25.4729 30.521 6.06302 26.0244 11.1201 6.38203 43.2285 46.2383 33.5873 43.46 40.7719 22.6663 
14.8594 6.04656 28.2942 19.6921 41.597 7.41661 40.233 30.834 37.4381 5.14617 21.6468 25.4402 21.5635 30.8172 14.8499 45.1493 33.748 35.1261 8.60626 26.3486 24.7098 10.4014 25.8826 14.9763 8.47682 23.9492 16.6147 7.19439 39.9254 39.8649 18.0231 11.5034 5.74814 29.4361 36.6117 32.6273 12.9395 14.7274 15.2006 45.1334 30.047 45.8572 11.5255 36.1348 11.8757 12.6802 5.52857 10.7338 37.9288 34.6712 
12.4778 9.64807 35.4558 18.9437 29.2411 26.6903 17.9206 15.2188 30.1929 13.8491 8.44266 49.3528 7.19271 23.5955 48.8869 44.337 6.2875 48.8892 30.197 25.8144 43.7188 26.3431 41.5733 16.6613 29.9536 9.23045 28.6582 41.0207 46.8113 31.3746 8.73691 43.6476 12.2707 37.5421 43.4435 45.1489 17.5178 23.9448 27.181 34.8258 48.9611 15.0279 37.1489 46.6857 28.3406 41.1729 8.62085 19.7403 42.5109 26.0449 
21.3993 33.0812 42.3657 25.3629 10.4623 45.8681 37.5828 41.9715 39.4362 45.7234 12.8772 33.6038 44.4042 28.6272 23.6912 36.2364 18.7166 41.9104 5.3846 13.625 43.0929 11.6992 30.5178 8.37288 48.5122 46.1473 48.6841 30.1852 33.3659 24.8681 9.57798 34.7044 10.0291 35.6982 25.347 7.5163 22.3767 10.4285 41.1546 19.3628 43.8369 13.1294 42.8857 27.1767 13.9233 16.2155 31.5922 34.5875 26.8397 20.8553 
9.09819 32.3908 15.2197 17.9642 17.5414 46.0428 42.0526 41.8731 5.11672 17.3044 43.9774 21.9013 37.9278 47.5078 24.9276 24.1062 43.0173 12.1449 30.2144 16.1328 42.9478 31.3933 24.1337 17.455 34.9274 11.1135 31.1748 47.3521 18.2759 8.59138 36.9777 19.0444 34.1676 16.4768 28.4517 10.5157 13.1738 43.8213 11.6797 25.9232 10.6829 8.24743 5.87068 10.3228 24.835 18.1239 8.50019 30.3359 26.3544 26.3272 
21.1273 27.2164 47.2561 14.3668 31.536 16.5987 6.10623 16.7577 25.1213 11.2533 13.015 22.0673 32.0945 38.5923 38.4732 26.3436 9.0212 32.9442 9.62994 44.8194 29.3288 29.9831 14.0941 29.7351 11.3521 15.7482 35.1404 6.48888 29.9175 29.5566 10.1373 36.8656 46.2324 49.8104 46.6608 13.7578 33.1351 40.9254 37.4163 20.297 17.598 30 8.09398 47.0563 14.321 49.0782 46.3714 46.1945 10.159 35.775 
24.4414 42.2775 33.2156 20.5128 19.2062 35.4381 10.4676 36.1686 35.2209 17.4098 44.9115 27.6481 7.93676 5.05398 15.4473 28.2084 42.505 10.7005 23.7027 28.5342 42.6239 15.3548 20.4436 36.1204 26.3391 26.3216 10.5833 27.9445 29.4875 14.6704 37.7543 26.3389 20.7184 45.3311 31.4157 37.0857 47.4822 43.3792 16.0037 28.3491 24.5045 34.3385 20.4417 27.7698 6.02509 44.358 32.1817 13.6911 29.7393 47.3429 
10.586 23.2052 28.3674 7.55536 41.1667 6.22343 40.4121 40.3273 7.37794 25.2811 5.07711 29.9224 10.1155 38.6273 33.3372 10.785 16.5679 6.06925 43.2379 44.5922 43.8615 45.572 42.7658 38.4093 22.0538 19.0403 16.4532 5.85393 28.6514 33.442 47.9956 34.677 25.5678 25.2647 33.7913 46.3944 35.6872 7.46382 43.5957 46.7482 12.142 7.24403 34.0931 29.5576 33.2417 47.1935 29.5362 31.5 12.0757 40.9236 
28.8881 12.9631 40.4961 6.15372 19.1459 15.1692 46.2758 20.8613 47.1099 45.2036 14.2311 34.5908 27.6801 10.2192 13.5033 36.7041 18.9253 42.6533 24.3871 20.0798 12.4462 19.72 46.1696 26.0515 23.7402 9.23665 37.6836 23.4293 37.751 12.8066 19.8706 13.2204 25.5938 41.8193 19.8874 5.31994 41.4135 29.6224 16.3422 41.8655 49.1286 45.0505 10.0354 47.6313 13.2079 20.7867 33.1486 9.8416 38.6515 35.5384 
