43.0759 40.139 16.469 6.98391 18.1877 11.2241 6.77902 40.5937 48.0361 26.2706 7.28676 10.8334 9.94512 39.0485 5.48203 40.3591 29.1582 46.1301 12.4354 5.31063 9.25282 13.3259 23.7776 18.0148 30.2275 10.1197 6.37892 42.4942 47.7473 13.2515 30.6302 15.5334 18.5846 35.65 23.151 9.85371 45.5937 32.2859 39.7768 43.8754 42.0179 30.0004 19.5873 38.1211 36.0619 22.8022 24.0946 12.9877 46.898 6.50346 
16.7288 45.4066 28.7724 29.5203 32.8978 44.1649 33.6813 11.8871 32.5558 5.42693 30.4397 8.71565 12.2185 26.2143 19.7905 26.6762 49.2858 30.1207 44.3053 43.6139 42.3571 33.732 46.4052 8.06638 18.0926 10.2872 10.5791 19.2593 36.241 14.2743 5.89631 12.1189 44.8464 35.9171 22.6857 28.9188 46.584 17.4685 9.36073 42.0196 42.717 16.2032 7.08415 19.9191 21.6661 33.7545 14.4872 41.2971 44.9732 44.1922 
49.1297 5.60164 27.6456 46.291 38.2065 25.6748 12.4063 22.294 12.688 42.7605 42.7573 28.3605 44.6425 11.7235 9.07924 31.7911 13.1842 17.4453 47.7061 45.9306 38.512 36.3426 49.7385 37.8227 42.039 33.6576 10.0745 6.4701 26.8499 6.99068 48.1112 12.5448 18.0576 45.3529 49.9097 43.9353 40.7036 13.2375 26.6833 11.1075 31.0438 12.73 28.7729 37.9674 14.2228 43.0663 35.6114 21.8363 7.29573 27.749 
47.5836 7.76788 42.8051 36.577 5.78166 26.7955 11.2517 20.6488 27.8761 11.6974 25.0447 24.4701 29.9355 49.1539 36.8537 27.3674 36.6175 41.7212 43.687 6.22046 34.2975 30.3222 19.7252 25.8681 8.51387 32.3564 36.3211 10.5726 14.4186 36.875 35.6902 47.0213 30.6369 6.00403 30.8275 33.9061 34.4106 45.8036 23.2016 7.26777 21.212 8.21505 49.7595 24.706 24.9152 19.5507 48.4104 26.0171 10.2027 19.7114 
22.5418 44.1933 27.5175 20.6254 7.12007 5.46774 45.234 49.9128 10.9371 17.3846 36.2253 10.9413 9.90484 20.4702 42.8539 16.2669 47.6794 18.0579 38.1224 31.8428 20.5101 17.192 10.2693 21.7325 47.573 11.1115 11.3992 15.3922 46.7658 20.249 46.2114 46.4084 45.1186 14.6975 38.1669 48.198 31.9271 38.4232 49.6934 36.1852 23.3991 28.4536 43.1709 40.6235 34.2892 48.0168 32.3295 17.8456 10.37 36.8404 
14.9396 36.3489 26.9008 7.90077 7.5674 41.7757 12.0417 12.9387 41.8473 8.01138 18.6467 22.9256 17.8294 10.0299 48.3157 38.1339 20.7636 34.5091 47.6021 38.5942 43.5254 29.2326 8.01139 21.5288 23.3612 15.8101 5.79078 35.0152 18.9236 40.6832 44.178 32.9284 7.67624 38.9869 12.3597 37.2726 42.8793 9.40858 47.1717 25.2131 45.7964 24.5904 13.9537 49.6242 41.6063 27.6852 9.41623 21.7991 42.9333 41.941 
46.7861 15.7943 23.4323 22.3725 32.8685 5.12399 21.7095 9.07471 14.7523 13.5354 38.9673 43.2202 47.3415 44.0375 40.5601 41.5606 43.1496 41.9762 40.225 17.6575 45.5867 47.586 11.9695 37.1208 30.8004 16.8127 28.3962 42.7125 15.2325 33.6196 23.4597 34.1792 32.7773 32.0041 38.9891 41.2785 22.2587 17.0829 38.9451 10.5156 47.8955 9.3067 48.9432 37.6312 28.0474 28.5694 15.137 28.3342 36.2147 10.024 
6.00681 14.7198 46.0064 13.6671 39.2256 30.5784 13.9468 11.5264 41.638 21.2313 38.9172 45.8487 30.6961 5.87793 24.2457 20.829 18.0347 15.0255 41.4665 5.66076 41.2026 29.1318 41.2501 21.3931 38.0482 6.17473 33.3731 10.5034 18.874 18.2567 43.0504 45.752 9.91963 24.3327 25.7155 35.2879 44.1348 23.293 19.6067 22.7968 33.6472 9.3235 6.03596 5.0831 9.71592 16.328 13.4496 29.4451 25.2092 49.374 
46.1114 17.4441 26.3351 45.7259 32.0769 20.0805 43.4204 37.2614 44.8741 29.4851 42.8127 41.2032 12.479 46.3497 10.447 44.5256 34.2654 6.036 44.1926 7.18016 28.574 45.9834 30.1684 24.1104 9.88438 12.1876 33.7746 12.942 5.80324 18.4368 17.2533 19.6206 45.0631 20.1212 33.1642 22.2261 8.56576 19.2027 21.8647 10.1692 48.5076 15.1359 45.1167 32.6113 15.0669 13.5602 40.5037 36.7824 22.1451 42.3494 
44.9182 9.07045 14.6036 23.7689 37.2725 15.1912 46.1169 32.1235 11.7445 39.2062 43.7313 38.8194 24.8588 26.4185 32.3619 20.3829 35.5745 20.6551 15.8359 26.0645 36.1272 23.934 40.7491 21.9518 28.5684 35.2224 47.6298 10.8649 17.49 39.3865 29.6824 39.6879 17.1241 30.0144 5.76232 13.9397 46.3919 26.0377 46.9395 36.3088 13.5727 11.8552 36.8119 18.7765 11.8297 21.8086 9.92952 37.2165 36.0955 41.415 
10.8094 31.7501 33.789 18.2739 26.8232 46.1037 33.9052 29.826 40.204 14.2417 34.887 26.2054 25.9477 14.2858 14.3571 32.7972 48.5321 29.5618 10.496 37.677 8.48377 44.4912 26.7085 33.774 39.1523 23.1199 26.9287 31.2809 11.7567 16.762 38.0321 45.3341 36.5225 42.489 10.415 40.1265 25.8315 17.1641 27.2908 10.2391 29.1292 24.0958 34.9719 31.9259 41.2728 24.4292 6.98692 46.5627 25.5908 17.1744 
32.1082 37.838 11.1276 18.2934 25.9288 19.5104 28.3741 42.9932 13.245 37.6493 42.4233 23.0093 45.4615 29.242 47.931 35.1205 45.4324 13.263 21.7431 42.76 7.54072 27.731 6.38028 41.8368 35.2335 31.4251 37.5215 49.1235 10.8627 18.5969 35.6077 29.5117 27.9225 36.8671 15.9184 26.2139 32.3039 20.7772 28.0553 13.3903 38.3033 36.558 9.03691 40.2162 38.3616 7.1648 8.34126 27.6998 29.3516 44.4695 
24.4272 22.6884 33.0351 44.4284 7.32108 12.2379 47.7443 12.4499 21.4763 41.7044 45.0568 26.5108 41.8899 39.8979 32.6602 11.4593 32.8717 15.224 30.8313 25.5386 37.5399 21.399 27.0714 47.4702 16.5007 7.18508 39.4812 9.26939 18.1211 48.4004 29.3851 38.9304 33.5774 10.0048 44.3885 19.6303 7.93424 20.6082 49.1768 47.1688 48.709 29.874 44.2263 24.8183 10.5157 32.2719 30.9176 37.7024 20.397 36.2631 
21.7866 17.5968 46.1682 15.8604 27.7666 42.4585 43.6362 41.6073 16.8281 43.8119 29.1161 14.3086 13.9551 17.7772 15.6969 32.2835 13.4075 16.791 13.6664 17.0199 41.1028 23.0001 20.1602 20.056 45.6166 36.6045 30.3676 12.8331 36.6682 20.5434 29.4072 41.0893 49.9689 18.1049 15.7518 9.4294 30.3577 25.2446 24.4299 23.5362 39.1459 20.8508 13.5737 18.4948 46.108 36.4931 30.0057 49.6566 36.891 24.4203 
25.2822 25.574 33.8569 42.9059 39.7011 35.5529 6.55774 38.2427 46.2751 7.6327 21.7913 25.3141 48.2546 24.0228 36.896 28.2092 42.6345 30.6922 26.4434 14.4343 37.5784 43.1792 9.89076 28.5559 30.1087 8.91144 27.7709 11.779 36.5796 16.393 36.6464 9.41483 27.3158 33.5763 18.4172 49.7045 45.6808 15.0214 21.248 43.4128 19.7776 41.6142 42.2684 28.0872 21.4461 43.2086 30.7304 25.9294 25.8244 32.9051 
11.0624 28.7045 36.8984 32.2188 49.829 37.2542 44.224 25.7053 16.9961 49.6579 7.9131 12.6864 21.565 30.1317 15.4341 34.6018 44.0871 29.8948 33.6051 25.6179 49.6969 7.76342 8.20611 33.1698 9.34177 25.2821 9.59909 35.2319 22.9404 32.8095 17.9338 11.1611 10.5699 48.2965 18.795 24.2327 6.72037 39.0122 37.4512 18.5011 17.6279 8.77687 42.8026 36.8356 43.4395 6.95217 38.3295 22.1637 33.9122 25.2161 
25.4206 34.2674 27.4774 47.0948 41.8956 27.8463 24.6849 18.7072 22.1105 45.5815 11.3437 14.4866 28.1351 35.5402 23.6585 30.5038 18.2783 49.9374 39.1123 12.7258 32.7398 5.54159 23.6252 42.1274 14.0189 25.1437 47.3911 41.1475 15.2548 21.9324 6.71628 44.8933 26.8472 14.4621 9.56058 28.21 16.942 43.2303 24.7384 5.82156 48.3095 39.598 49.7396 19.6719 34.8218 19.5873 34.6461 16.0754 23.6919 40.1725 
39.2854 49.3666 17.4781 21.4582 25.5309 27.8134 45.5113 46.4507 27.1067 20.538 18.1726 33.6107 24.8856 23.8205 10.1669 29.1839 29.8799 42.3363 19.4668 48.9241 40.6278 5.95972 14.4524 48.537 32.4651 18.2863 35.4844 41.573 9.02555 43.4553 43.5138 37.5192 10.3902 16.04 30.5461 34.0146 24.8985 17.0746 45.7685 14.2714 42.4531 36.8753 20.0471 37.7974 48.4962 17.7129 21.6303 44.2421 33.935 14.5049 
16.4679 18.5173 40.0704 34.1698 11.3843 18.5509 36.501 11.8481 31.3457 16.003 45.2059 14.2305 35.9515 18.7211 23.285 36.4091 32.8866 29.9138 6.39665 6.924 42.2554 38.2181 23.6521 13.0606 15.3003 33.6728 45.0332 10.3147 33.416 49.8455 11.4208 21.5476 5.90186 13.5053 24.9119 48.6587 47.2994 30.5957 33.4719 18.3693 22.3383 45.1641 20.51 14.3708 35.7204 19.5571 39.7783 8.89159 43.2884 49.7729 
27.1454 10.7529 12.4574 8.20042 38.4374 19.09 49.6127 8.91942 30.7752 5.98038 26.8232 17.8919 10.3304 9.68864 16.5295 5.48941 6.46305 49.1487 43.0249 16.5074 11.2809 8.4385 28.1912 35.9372 30.3434 38.8418 46.3143 39.5557 49.1943 37.2123 9.77231 13.5194 16.8859 6.58647 21.1167 29.3346 47.4485 48.3551 22.8038 37.015 36.0158 38.2171 43.4808 31.2141 42.8592 42.419 8.16477 14.3932 33.433 42.452 
6.71159 36.5993 45.697 38.4889 25.094 49.9683 27.9371 25.6895 20.2243 45.4416 47.4678 15.2553 46.0842 48.2653 10.1048 37.9077 46.4287 36.9835 44.88 37.1386 33.5587 44.1909 14.9622 44.7399 42.6281 43.2321 9.31184 14.5665 26.8259 23.4086 32.4495 23.5302 42.7659 44.777 20.1045 13.6421 18.2193 49.3002 47.3694 14.3423 30.2891 10.9883 48.4301 39.2553 41.8303 5.53618 38.2301 32.7797 39.1314 19.7987 
15.9632 25.8186 28.0462 32.9629 12.3035 20.4413 45.7589 43.662 26.3126 40.7301 40.4049 25.5916 6.95483 10.3263 30.7241 41.7114 15.6711 27.9553 40.6108 5.98294 19.4466 32.4655 45.4222 38.1125 20.5579 40.0439 36.5067 48.7073 44.3809 26.3958 46.7951 39.5831 20.4089 13.14 6.31657 40.6338 35.7961 22.3739 32.3316 46.9739 16.6285 10.5548 17.752 31.0234 25.3373 11.6017 38.6371 19.8213 32.0205 17.1923 
46.6861 31.3558 6.70371 48.802 26.1745 21.9698 23.6373 37.6195 19.1847 20.5985 31.9729 20.5548 44.291 43.3986 12.0164 34.5257 34.7351 6.19047 37.9682 47.9916 47.8012 14.9072 5.15419 35.0192 19.9923 26.3088 35.8165 49.4259 35.0746 43.4596 37.1445 18.2984 21.6379 10.2198 27.2716 23.4429 46.882 36.8856 19.8852 36.6904 16.0979 23.3545 27.2672 33.564 17.8639 46.1668 47.3631 41.2189 8.11089 14.6577 
12.0157 30.2696 17.1911 26.8784 44.3583 46.9254 30.9765 34.9671 26.0203 22.5531 40.6997 42.8105 39.1486 19.0296 17.489 35.0559 11.7415 8.96194 9.80405 49.9076 6.89557 15.955 6.76845 46.2084 47.9712 40.5777 47.7626 12.914 32.6927 38.0307 28.4367 45.6012 32.4019 34.4625 46.7331 26.1226 42.5022 45.3472 14.5747 7.33806 15.0157 44.1584 32.0476 14.2168 10.6808 19.0109 11.0098 24.9823 28.8232 41.3963 
34.9741 29.5252 7.67567 9.63115 24.9648 8.79633 42.5043 19.068 43.0052 41.6194 44.0053 27.7161 25.1099 13.4131 21.0667 43.1566 49.3117 46.4758 14.1725 17.7289 49.685 6.08326 20.656 15.5498 47.9902 47.9409 11.9324 34.1843 30.963 21.84 36.6868 7.8695 30.8649 7.75872 47.1814 30.2281 23.4013 29.545 10.3057 9.18211 49.9866 7.29264 6.1106 27.4106 18.8059 17.5732 12.3088 41.3036 16.4281 33.0476 
13.6922 6.8448 39.3414 31.9265 29.2319 11.3738 11.7022 5.99272 28.8606 41.0627 25.5922 34.1746 16.0308 21.0215 39.9111 12.5058 5.03729 38.1336 7.3091 24.0753 30.1328 14.904 42.0007 24.1852 48.7107 30.1833 40.5644 27.7304 6.08596 8.1607 31.2225 29.462 34.5639 7.06661 45.9416 29.3567 35.8977 19.4619 25.1591 12.007 22.3575 36.7973 23.8835 25.3318 32.1286 15.2129 44.0976 34.5386 36.3703 25.0341 
37.3919 22.8745 42.0877 11.8944 48.461 44.4373 46.1046 9.45139 39.0929 19.5342 46.6947 39.177 33.0178 8.49954 27.9752 39.6271 31.9051 31.1237 19.2815 20.0287 12.2807 33.7696 28.2155 36.9211 40.1909 19.8914 28.5704 21.998 26.3668 35.6671 25.0496 20.8676 46.6102 41.262 32.186 39.7477 35.3054 14.513 43.9083 24.4689 13.5296 43.4387 26.1153 48.4924 12.8206 9.73401 47.8226 30.2732 14.5233 44.6855 
15.0792 14.3106 15.0605 10.4822 49.0232 48.7277 31.2607 21.3356 28.1449 30.1561 26.2757 22.3011 47.9706 6.79022 13.6844 28.8859 49.7993 47.199 42.9988 22.0404 37.3638 49.2215 26.6384 29.6525 13.8984 23.2633 26.297 43.5899 35.4286 16.4811 41.3653 25.2553 19.534 36.689 28.4377 6.35216 14.3946 19.1845 42.2459 39.9416 24.1814 6.76252 5.7407 25.202 43.2877 31.1082 25.4502 23.898 38.1621 49.5923 
44.6447 14.5224 23.4394 39.9194 8.81113 41.2992 33.0361 16.6128 39.3937 12.4533 19.1003 44.7956 23.232 36.5512 16.8889 39.6855 43.2493 43.9768 41.13 40.0238 11.9143 35.5154 14.0874 12.9076 20.7998 26.8681 39.1963 38.3403 24.4261 32.3792 11.069 22.7189 23.5378 25.7004 43.5182 15.2082 13.9945 11.1807 35.6094 21.9277 25.9793 41.7156 46.4881 17.8461 25.7498 12.5205 36.2158 28.347 29.8819 37.7716 
27.0654 48.054 40.8217 23.5773 36.0466 18.5075 6.38514 15.0381 41.3074 34.9483 45.3263 20.3495 25.0303 16.6462 31.0814 45.308 15.898 37.5745 38.4712 8.47494 38.3123 25.0267 18.0689 23.2216 48.9138 49.1386 13.8241 22.4989 36.562 26.0818 36.7973 45.6384 24.0721 8.25552 35.7184 12.6146 34.4272 28.6232 19.2351 7.7938 42.8508 20.0032 47.0849 39.5342 18.6344 47.0702 21.3205 38.6539 29.7846 34.3179 
17.5223 24.3836 44.3192 46.0632 14.1825 9.64851 20.3618 46.1906 12.6849 31.68 44.7906 8.14583 31.0422 41.0808 41.6233 29.0326 43.341 29.4008 25.1749 8.29235 6.71129 48.3472 21.2821 24.9007 18.3043 33.8852 24.1276 49.2246 32.0004 35.378 20.1422 31.7514 45.0231 45.7557 5.84862 6.82258 33.1794 18.1006 37.6961 17.2347 38.2662 9.72416 5.25903 19.7138 10.4661 27.322 27.9468 19.4142 39.4958 17.7801 
29.7015 38.49 31.043 48.5499 35.8744 45.5823 17.0549 34.3101 6.34269 36.215 29.6317 23.7402 47.4369 37.6935 48.8118 16.47 47.7872 41.0876 34.3072 31.0178 25.8366 15.4356 30.884 7.08393 33.1294 11.9139 47.0281 37.4586 43.3208 13.5451 22.2725 11.95 25.1628 45.4065 31.6717 48.0949 34.6337 19.4073 32.5708 5.18969 45.4572 25.5927 15.3179 48.8594 13.9866 33.5829 19.7978 11.3316 44.4076 35.2217 
48.4056 8.58583 28.3056 49.4737 25.5903 24.6182 26.9789 29.1538 12.9784 37.3658 49.568 40.5715 43.9567 18.351 46.3709 13.8397 29.6877 32.6966 42.9424 44.7874 27.2378 29.4369 26.1583 11.4543 45.6361 11.2906 35.2526 46.5773 30.014 22.7243 36.1919 5.55558 18.5087 39.8232 11.7487 10.9661 30.6875 11.6953 45.4853 26.9058 31.9095 28.3343 28.7841 8.97204 36.2081 34.3844 31.2661 12.9375 20.9643 42.9977 
37.4772 40.2643 24.9139 35.2322 14.3032 44.6165 25.9942 5.22192 21.7287 6.73243 16.8851 35.6852 48.1502 28.0798 40.914 48.7682 12.7053 13.0468 10.3715 22.0552 45.8872 43.201 15.3569 23.3859 15.7191 18.0558 15.9088 25.5692 24.7797 6.2633 31.6476 12.7084 13.9737 26.1774 18.4139 49.7404 47.8746 29.673 35.6843 47.1902 35.8694 5.58605 48.7469 24.8007 18.1335 33.1182 46.7296 11.1879 45.1545 22.4794 
44.2945 43.7422 47.0191 36.9497 23.4523 19.2191 47.618 30.2843 28.4192 20.1775 6.39808 6.07504 32.4056 12.2046 43.1586 25.7339 39.6728 31.661 26.7085 23.849 34.3535 41.8796 13.4666 23.9187 19.7517 15.6093 46.2459 25.4398 13.6798 46.6772 9.24897 24.9857 17.9562 46.0203 18.1332 11.5482 11.0682 12.4609 44.3113 40.4724 10.213 33.0151 38.6407 17.6055 44.4539 14.9691 17.6007 25.683 20.9489 18.6225 
46.9894 30.9367 31.7701 33.6268 8.61327 30.4105 31.4388 40.4471 9.32617 41.1925 33.5965 29.6592 46.1189 42.2794 36.804 37.1518 45.3711 16.6919 33.6169 46.8735 27.6451 24.0714 27.2396 20.9353 44.9917 21.3298 20.4462 32.5153 14.2288 46.4974 34.931 48.4623 37.6952 36.9677 26.067 16.1753 29.1269 33.3418 31.3632 7.4889 40.5411 41.7008 34.8463 34.0361 22.6883 39.4888 20.2211 12.4927 49.4 11.89 
22.533 28.6002 48.5337 42.8687 17.0208 13.5463 26.9191 14.5503 16.9305 5.25839 43.8393 32.2136 38.7033 21.7978 43.7635 23.1159 21.8063 8.66457 39.8711 28.3129 21.3233 32.5808 12.2326 28.8324 21.0806 48.3826 36.3017 7.82761 24.915 44.7163 20.7193 42.9043 45.3003 33.9568 43.1463 22.3871 32.9477 26.6015 45.1301 14.439 43.2858 28.5226 35.3388 11.0582 8.12331 25.7827 19.0177 9.00553 33.3111 16.8781 
24.637 17.8734 44.1711 33.0372 38.2452 9.03865 10.2812 48.782 19.3723 6.32989 42.6793 39.28 25.28 24.0285 37.204 18.2562 35.7447 16.2999 18.5133 19.1416 39.9736 17.139 47.9192 25.6528 43.8709 22.9573 27.6652 15.7229 35.0694 46.2051 25.2825 28.4241 28.9078 43.7211 25.4691 18.133 41.3416 9.66796 18.2368 48.7058 38.2262 29.0184 25.3177 43.9491 12.3502 45.4662 28.4821 27.5867 40.5919 36.3505 
43.71 17.4865 9.97134 14.9823 29.7104 7.17612 25.5485 30.8706 26.4593 28.107 27.254 34.2262 40.6585 35.2379 9.79853 38.3524 25.4064 23.6492 14.5391 6.68761 43.807 23.9011 33.7177 17.5784 7.08722 15.075 45.0879 6.04157 25.5538 41.8092 14.6268 29.8887 24.356 21.2714 10.7415 11.4994 42.5938 28.3777 13.1338 22.0861 39.2369 10.9144 15.6794 24.3092 24.032 35.2074 41.0851 46.67 11.6373 21.803 
10.4171 10.1023 22.4589 11.0233 32.1713 8.50953 43.1403 27.1347 26.6513 36.768 40.9293 38.6598 16.6879 9.75032 12.7954 6.38875 15.4364 38.9482 43.9714 11.467 16.7518 37.1734 39.7784 34.288 44.5901 7.83325 25.8789 19.7554 13.6299 12.6908 39.1432 22.6912 39.6122 15.3562 36.2975 44.0552 20.9805 18.1221 19.4067 31.0433 14.8571 6.79929 40.8646 24.5998 23.9253 17.9675 33.8604 27.1028 27.7197 25.9287 
39.794 39.4644 44.5211 14.5736 45.04 21.902 44.0101 45.0956 27.9 21.8566 37.189 49.8292 26.0355 12.5308 31.8975 16.2893 44.7941 26.8831 27.6858 32.9873 7.09627 25.7621 21.9411 19.3775 38.4159 7.83432 27.3132 31.0549 6.82203 37.6293 39.1971 10.7393 33.5314 36.2704 10.6739 26.3697 30.3232 22.8249 38.415 21.5185 20.3975 34.8874 11.158 47.5377 12.285 30.4367 29.9803 30.6949 38.1058 36.7057 
12.3999 28.1506 6.50798 40.3695 13.2535 9.07863 30.3097 10.6404 43.2652 22.4388 39.7038 41.1839 16.4836 18.7387 34.817 18.7623 28.3463 39.5299 20.8808 9.3138 18.9841 42.7378 40.4193 36.3933 34.3101 17.616 28.2327 30.5471 36.2253 13.9006 7.95235 15.3563 30.2612 32.8292 26.501 32.6043 16.6616 23.0778 17.3014 7.28445 28.9275 7.30483 26.5647 8.32279 21.5326 45.9657 27.0294 39.2644 9.40081 31.7906 
15.7376 12.9452 46.1177 43.8655 20.1831 17.2401 14.071 11.1711 44.8475 28.1476 24.8619 26.3632 10.8946 14.5421 49.0171 41.8138 42.8124 28.3681 9.56352 45.7779 35.7882 29.8726 18.1833 38.5117 31.6581 23.1364 9.39401 37.5473 45.0871 35.4628 11.416 19.4471 29.8754 35.3537 5.33817 46.2388 5.03669 20.4907 7.2397 41.8585 20.1068 16.0865 27.1654 5.25426 11.1884 22.6444 42.9795 7.00915 43.3391 9.91874 
30.3771 45.263 26.544 31.084 39.3534 27.334 9.60065 36.7357 39.4994 17.4127 10.047 42.3723 45.9858 11.1397 26.0666 47.6191 34.6031 14.5599 17.7955 39.6275 16.5376 41.2613 14.7005 19.1906 45.6153 32.4846 37.0576 29.5487 22.3598 43.1526 48.503 43.6438 37.1123 27.5986 39.5269 21.4128 8.36687 37.1779 48.1846 40.3223 20.6486 37.1594 22.4951 20.977 25.39 19.9895 10.0681 15.5384 15.5544 35.7782 
40.3232 29.3474 11.529 46.8213 27.5018 11.3163 18.8993 32.8209 46.7142 22.264 12.811 22.2281 8.06885 7.2165 13.8345 31.133 42.5943 30.8616 25.0353 39.7564 8.91633 16.6735 31.2596 42.0401 29.7546 12.1944 42.4526 29.0565 21.783 48.6746 43.6138 41.1084 45.0098 19.2902 32.8674 29.6691 40.7327 21.966 27.4978 22.17 32.1325 46.4689 39.9902 10.1501 14.6075 33.4099 16.6233 41.6131 18.0928 8.53054 
12.1076 42.046 19.0702 11.2023 24.7708 44.1288 13.1452 19.1716 38.1637 7.45911 35.4142 31.1664 8.90015 37.669 18.0007 28.7544 20.2559 34.2771 14.7821 47.7188 47.0724 7.30617 11.1238 21.2625 37.6719 44.7399 13.8574 11.7791 36.1427 46.9127 20.6612 5.30877 24.6006 48.5361 7.08131 16.3877 6.73699 21.192 36.853 41.4957 38.411 34.6633 38.6104 28.1158 21.2489 35.0398 44.0007 12.6662 16.9153 27.848 
12.1526 48.5283 28.4243 27.4021 15.1727 33.3186 20.7431 16.9757 22.645 30.2977 20.3176 18.081 12.5725 47.8774 18.4123 17.423 23.3074 33.4853 16.137 13.9737 28.5476 39.486 20.362 43.5317 12.439 23.8686 18.0878 39.4221 17.2216 37.885 20.859 7.45954 25.2371 45.0122 38.5101 19.4134 8.31365 42.5504 26.7894 17.6196 34.5176 7.81627 6.73733 36.5383 38.0996 9.48694 27.8759 17.9964 9.48489 28.5512 
10.9812 25.9967 44.5218 37.3568 6.38704 38.7827 10.693 14.6733 36.8843 20.9941 7.1022 6.84484 31.9333 5.91949 9.15335 25.4119 13.6802 40.1733 29.4617 25.2835 27.0569 24.4971 15.2732 32.7019 20.604 15.2525 48.0202 10.8649 21.7837 49.1228 8.36848 28.147 40.2762 7.18841 9.98355 11.2513 28.3257 36.3274 17.9311 8.43514 30.6211 25.633 13.6152 23.4426 5.34228 37.1244 48.237 19.7398 43.7427 18.9225 
15.5538 19.6487 15.7247 15.4273 11.4405 7.31739 10.7652 12.3562 37.9422 37.8029 38.9656 43.7278 15.7133 43.7769 43.2922 20.8749 12.2322 33.1773 7.24985 49.0883 42.7147 46.9204 36.6818 18.4074 30.0405 10.5328 43.2879 41.465 11.4921 17.6466 11.4656 20.0613 42.3616 10.449 33.6946 27.6206 30.4634 31.2097 27.391 23.3257 33.9418 28.8056 37.6929 5.56562 31.8816 24.4856 44.2228 41.9651 43.8939 10.4593 
26.1687 49.5673 26.8981 29.3913 21.1219 46.7993 35.7064 19.5573 44.9262 46.077 9.90738 11.7075 18.3892 12.8295 42.9474 30.1812 10.3402 20.1196 36.0265 48.4259 6.05293 46.1548 39.6439 38.0907 31.4572 47.025 47.6253 7.18924 31.3461 10.6234 11.9623 30.027 22.1414 38.0427 22.2045 15.7796 42.416 44.6917 8.28944 20.4483 45.9507 21.9433 42.8373 48.9589 35.5199 48.5176 15.4476 31.1708 46.754 43.6794 
