46.3767 22.7331 31.958 28.6347 36.3215 49.8908 8.46332 20.9665 33.5698 8.47274 40.4348 48.2967 25.0518 22.0707 11.8773 42.6412 30.9958 31.9855 11.231 27.8892 9.35591 44.6137 48.3847 33.0344 39.9622 7.87869 29.3484 8.38327 31.7741 25.265 12.3408 20.4164 49.858 21.5223 34.5141 17.755 6.9084 13.95 44.3781 42.4609 13.6659 34.0026 43.4305 7.24426 28.9073 18.4287 18.869 14.5935 25.7067 19.9592 
10.3702 29.2444 14.3345 33.9784 6.52664 37.1178 27.0178 39.9148 45.9285 28.0393 42.3065 22.6527 46.5596 12.2785 8.14707 42.2693 24.9451 42.0865 46.575 31.6803 15.3364 17.4209 12.2467 40.0263 42.4858 35.0727 31.3663 46.4921 11.1872 15.4303 6.53482 45.1701 44.2116 15.2523 34.2984 24.7641 27.4709 37.3041 45.9453 45.3604 10.9843 22.2144 23.2622 31.2721 49.0402 28.4794 11.2695 36.9988 8.77864 43.0331 
25.3046 45.6714 28.9151 15.1392 45.6652 8.32858 29.4078 30.9587 31.6128 35.6529 28.3154 9.88942 41.0209 14.7924 48.1872 7.0077 11.3342 28.4511 17.5423 42.798 18.3816 5.52325 23.1299 11.1807 37.0459 22.4663 16.7966 43.999 27.2459 49.3239 37.0685 21.0334 34.5953 7.10541 32.9284 12.4537 32.1627 45.5566 29.0341 33.724 15.4638 43.2952 28.2094 43.1223 49.7281 21.3884 41.6703 22.0916 9.79976 6.16526 
17.2045 48.3085 12.3365 17.3827 34.5249 6.59092 43.1854 35.7931 12.6589 44.0108 30.124 24.6662 41.7045 19.4479 34.7088 23.5911 5.08061 36.1819 12.2303 46.9048 44.9068 33.8851 47.5652 19.6756 21.1541 47.3788 9.29991 32.5109 14.1935 6.51964 29.4842 49.5326 42.8697 25.2704 10.9356 43.1767 42.9885 44.0443 36.4828 7.94559 41.1924 7.12456 30.2339 9.56097 49.4104 19.7591 5.51702 26.2193 24.0139 46.9695 
24.2003 6.36999 30.885 18.4096 15.4822 16.4541 33.1244 20.1661 16.9559 16.1144 19.5582 8.31037 46.5265 28.5888 17.3672 33.1197 44.9539 21.6126 17.1678 49.4879 24.4786 35.3833 16.7488 24.5865 16.0364 20.9803 17.9406 17.6358 33.5429 36.4433 18.7944 15.9366 13.8038 16.0846 23.4462 48.1152 12.469 26.4494 42.5916 9.61134 6.68039 13.5679 31.1202 42.0823 9.39414 27.6334 30.9276 49.7382 42.0633 19.5889 
42.2744 7.27276 13.4024 16.082 31.5355 12.3266 25.6799 23.155 12.3746 40.007 15.2171 16.6761 16.8261 37.9942 17.9052 27.8479 33.6535 10.6416 8.99025 18.5418 49.838 31.3885 15.1381 42.7249 43.0537 39.9395 40.483 39.263 43.5712 13.0752 9.19058 30.4407 24.4029 32.9666 26.5689 36.617 40.0076 47.4581 46.0283 15.6445 35.5433 7.06264 23.8622 31.2937 46.1028 25.1659 37.7843 35.2865 28.4971 9.98155 
13.4414 24.7075 26.7184 47.5527 44.8892 24.1645 38.6564 18.0284 14.5178 35.5078 40.1686 33.606 16.0051 39.9143 30.1986 24.4964 8.84919 16.1897 30.5189 15.3204 17.9947 31.1385 25.776 24.5788 36.577 41.9484 20.3023 48.4769 15.0399 23.8183 34.5779 29.3601 31.0264 15.6063 34.4808 25.2176 44.0847 9.07523 9.46423 38.2525 37.2053 21.6228 6.92701 27.1137 16.9994 26.3395 27.646 26.0541 7.50199 16.3372 
33.5449 21.8995 18.0754 36.6766 32.1353 9.36252 8.33914 14.1726 38.8713 37.0019 32.2028 45.4903 13.8741 34.8641 25.2311 21.3833 13.1175 14.4499 30.053 34.2475 40.7075 41.9207 30.1462 19.9862 17.1423 21.4288 16.9174 31.346 24.0984 44.7763 11.7814 12.0332 44.204 24.9484 5.75387 26.7282 23.6381 47.5128 19.8755 36.4268 10.9315 9.55462 37.9131 38.964 25.4246 14.2007 25.0012 43.6957 27.7644 33.6104 
11.1013 37.5898 47.4358 13.3396 31.3886 19.42 38.5903 5.26288 5.41928 11.1686 26.7165 24.2925 38.9279 45.3381 29.4913 42.8307 7.10266 25.977 7.48269 10.3674 10.4211 26.069 39.2515 29.8264 20.7272 14.4369 17.012 27.3926 30.8581 29.6646 37.5673 49.4242 11.3091 8.75325 44.3788 23.2638 41.8208 10.7614 28.566 28.5342 19.0725 34.2001 5.36233 33.4717 30.4173 22.5337 45.2931 18.2391 31.7148 13.3196 
9.78174 31.7039 15.8566 34.3013 10.1575 29.4569 42.0625 41.6842 34.8339 41.7122 45.1573 48.6869 19.6698 32.368 7.46231 17.0709 6.67314 38.9447 6.52478 6.01014 29.1975 47.9074 40.2344 18.6955 41.6838 24.6599 20.1435 21.3613 10.2372 6.66102 5.81486 47.8308 6.63405 15.236 46.2563 7.25106 24.1709 46.4475 13.8858 34.4127 27.5238 41.9824 30.2742 41.3828 34.6566 29.4365 26.3751 18.6262 20.3135 47.1692 
15.353 22.4169 5.34 14.9725 9.34645 15.4862 49.0704 21.6397 14.5385 18.4924 16.2034 32.95 44.559 26.0964 12.6884 22.3904 46.4075 45.4705 32.215 40.5909 43.9362 49.3671 45.7298 38.0465 23.2538 41.5518 13.4131 25.2823 15.422 33.8759 21.0556 13.051 29.0417 13.7747 42.7299 31.1488 25.1358 39.0795 27.4454 30.9517 42.2358 32.1293 12.1306 33.6533 32.289 21.3639 49.54 25.0273 8.75348 5.66886 
8.03678 12.2734 35.4732 11.5477 42.1765 25.0433 25.6324 6.02648 14.3183 41.6312 47.0551 7.59007 29.8103 27.2557 25.6658 11.9124 18.0977 43.6183 18.3761 33.5049 13.7409 44.5043 29.5351 17.5637 14.3675 24.979 7.18495 30.5526 9.10152 43.9059 41.2296 26.6123 6.04445 24.0803 42.3142 16.4892 21.0503 34.369 10.0625 45.1585 30.6639 27.614 47.1443 46.2412 9.27769 37.3097 31.5052 21.3602 12.4274 24.0639 
41.8821 47.3766 42.701 12.6059 47.3402 19.5226 43.8982 26.1972 17.4984 37.0226 45.4756 19.9071 44.5015 14.9468 36.7639 33.0972 31.8567 14.384 38.7104 42.8006 6.11262 23.2986 34.4949 10.8132 35.9893 15.8882 32.4337 31.3334 27.4487 6.10276 42.1435 25.746 31.2167 18.3356 20.7912 11.4947 17.6942 36.799 33.0015 30.8279 37.8583 17.4362 6.80239 23.9986 44.947 27.9313 22.1078 21.4977 39.2953 46.9337 
22.4787 16.1122 47.2959 21.6469 38.9442 38.9712 27.3658 33.4987 48.4283 26.9662 35.5778 45.2661 49.446 30.9065 37.0932 33.1459 39.2162 27.8741 20.8943 21.2795 44.6271 49.0474 40.8208 37.6742 36.8693 9.03024 21.7697 22.1252 43.9872 39.2571 28.0455 44.4356 18.0164 7.36083 19.308 19.3413 9.15958 33.7322 10.4148 48.4942 14.0769 43.9922 21.4984 5.77428 34.8865 20.4285 34.4159 24.3388 15.6744 24.221 
5.28786 11.6144 12.7138 7.58464 46.03 8.5358 42.5259 6.04739 34.8456 31.2581 5.2334 30.8122 17.0697 16.1346 27.9854 10.711 48.7046 17.3838 7.01661 47.7451 36.1484 41.6376 16.0963 41.3436 17.3711 41.323 17.6731 27.0149 31.9007 14.6736 5.24689 27.4297 15.5859 38.7451 20.3771 20.6864 22.412 43.3463 26.9508 40.738 28.7421 40.2659 21.7556 49.6832 27.8023 35.8986 39.9789 14.1062 49.5511 29.4149 
36.9061 11.6005 16.6836 45.4006 27.3642 41.2082 18.7516 16.0211 25.5068 6.72476 32.103 28.9452 37.7686 5.25314 26.1597 49.3779 18.3713 34.8995 38.2559 12.0527 12.4791 19.7025 34.5113 12.9616 22.859 15.4275 21.0383 34.9123 37.5881 25.4208 34.296 46.8121 31.9144 39.8051 41.6104 22.1468 32.0466 17.4108 8.58025 29.5304 49.6147 27.4458 19.8109 45.4168 16.711 29.2583 12.6829 29.9448 48.007 9.87425 
32.9141 18.3666 6.02005 18.7338 32.3317 32.3174 16.2075 13.6782 20.1182 14.3936 12.4286 39.9281 25.7168 34.6649 38.4037 26.6047 14.399 33.4651 18.854 28.4567 39.004 41.9547 14.1088 17.5204 32.0186 31.9611 24.8299 43.3176 34.2794 12.4139 12.827 10.9899 17.0257 27.0187 48.5078 35.7333 15.9196 33.5467 29.4677 12.2876 48.0307 10.3 44.7822 19.5116 26.0491 36.1933 19.5896 33.7451 24.2202 39.3661 
27.0422 47.4254 31.5324 11.5363 39.6926 36.1306 5.52048 35.0253 26.1832 17.448 20.3321 38.566 49.8255 27.7048 16.3748 9.94787 27.3426 32.3135 21.2459 5.93543 45.5156 35.8681 29.6596 37.4554 16.4755 28.8025 35.6469 43.4242 27.8923 14.2542 5.92271 47.0944 38.9576 29.2803 5.7262 24.7831 22.9634 39.1764 11.2993 30.5229 41.0392 35.8726 22.4595 37.2303 37.1244 36.1573 35.7359 18.7476 38.3097 34.2396 
41.2138 10.0269 28.902 15.9503 28.6969 43.6638 46.2355 21.8666 16.3616 14.6174 16.5366 8.8199 44.175 18.3445 26.09 38.2659 46.0151 12.9855 5.98067 28.8398 30.2919 36.4622 38.0905 33.1508 44.2544 14.3957 25.8285 29.6399 44.5683 21.5125 18.7679 30.0683 7.54825 22.3552 28.167 15.6972 30.9385 48.1094 13.0836 7.69174 17.9439 37.1747 29.0498 30.5745 37.617 37.3412 9.22328 9.45641 26.7506 32.2285 
13.536 29.4658 7.06268 7.55302 33.3281 32.5205 17.4958 42.038 29.1093 15.7806 48.7834 12.9413 47.3359 46.8624 10.9509 12.8018 18.3589 40.1504 17.9437 20.7516 12.8284 43.6795 5.82458 33.2415 46.8408 46.481 27.5009 44.0379 7.23757 26.6915 13.7709 34.6365 17.9227 35.8428 31.6212 30.4166 41.613 7.5427 27.0557 40.5048 14.5396 41.4337 20.8504 43.9284 37.1111 8.71698 41.0044 39.3638 15.4135 21.4688 
7.37647 28.0953 33.5572 13.1329 37.6476 7.00596 44.6549 18.2466 39.6206 32.1191 47.3154 11.9933 35.772 18.0548 46.8864 21.1472 17.1035 48.1429 7.26635 22.4218 40.0742 31.7217 13.6189 45.4289 15.6066 27.8483 31.5111 35.2608 13.3954 6.20699 26.9345 11.2501 41.2961 21.0076 47.4574 8.109 31.4336 13.8538 26.235 21.6788 12.4855 22.2018 48.8847 14.1755 20.8962 33.746 24.9251 35.436 5.44326 12.4951 
10.4217 38.2194 27.8234 48.1276 43.8088 38.3659 7.6819 23.8049 5.31155 16.3435 20.882 27.3457 49.7984 13.4424 45.2513 8.69706 40.7595 6.18863 5.20067 17.4198 15.1214 44.0953 47.1339 34.1049 31.6194 21.8404 42.1744 5.19452 20.0219 41.1737 24.2456 16.3398 24.386 30.8498 7.52112 34.0887 23.788 35.684 47.6745 48.8373 40.2215 36.6373 25.653 15.5828 20.5561 6.69614 34.1553 48.66 40.9746 26.409 
34.5369 19.0568 8.48082 28.8239 14.6612 49.3431 20.7335 38.0186 49.2276 16.2905 38.1541 18.6898 27.3965 28.7415 47.8732 17.8109 8.73501 10.1125 33.7784 32.7224 17.8348 34.5959 5.69617 9.40323 30.9443 38.631 33.5302 18.342 25.8418 23.4096 19.6321 30.5957 49.8201 19.1062 13.2069 40.063 13.9055 5.93616 9.93432 6.54331 19.5766 32.2281 43.2923 20.9056 19.3743 15.7642 28.0722 21.8719 43.5639 45.3124 
41.2333 32.5395 42.5797 47.1316 27.3176 48.349 16.1916 5.11513 27.1823 27.9531 31.3379 28.2215 31.8688 11.9536 7.37501 6.63352 47.9276 40.4449 20.0789 34.0879 21.3872 5.98707 43.0852 19.6103 9.93262 27.8461 33.706 19.7733 44.71 25.6729 26.3812 41.365 34.3102 25.2392 48.4951 24.6662 46.1626 8.37758 5.2236 22.9008 27.2373 31.0096 48.2033 19.8895 46.3894 11.873 9.83323 46.5009 49.0069 33.186 
44.7711 39.2516 27.1246 24.1816 48.1883 40.0954 45.6789 28.7801 21.4686 36.8572 29.878 25.5396 17.0467 15.1052 5.04931 16.7487 31.79 11.7761 27.6608 9.90549 35.1235 31.5384 32.6462 40.4637 44.2338 18.3066 12.3654 7.257 42.2687 10.2118 41.7861 19.838 40.3486 23.7109 31.3763 35.5365 7.17045 37.1514 5.66285 7.97767 27.5688 40.2632 22.0171 33.5552 19.6952 40.3019 33.1309 22.7893 28.7995 31.2883 
49.1712 12.384 23.9208 38.8337 21.4073 11.2577 6.51819 26.5584 48.838 36.0314 10.2319 35.2715 49.4032 36.9874 15.246 36.6321 42.4287 41.6688 16.9476 19.7708 21.0254 7.84581 43.3911 30.2195 33.4429 27.439 20.5666 49.8368 31.8667 18.2224 8.12774 9.67394 41.1015 19.4178 10.8663 24.4305 21.3694 17.9937 33.8891 18.6001 47.386 5.5888 41.9229 16.1562 10.7772 39.5694 46.1797 5.92058 10.1077 43.8219 
13.389 45.5006 16.8363 46.7549 42.6684 12.4338 23.1044 30.0864 48.8955 33.1882 6.37936 11.6215 16.093 16.7199 10.2996 10.9851 46.071 21.8378 14.5503 43.6633 31.4514 47.0623 16.1122 44.9851 25.3523 44.3493 14.7079 49.1207 32.5237 33.7491 48.0702 47.2587 16.75 13.3529 9.63287 7.32152 15.7127 18.425 49.2731 31.155 6.20729 18.4823 39.2152 39.3919 6.64128 37.9482 43.4259 40.0843 36.4258 21.5269 
19.634 26.9821 30.3933 39.5442 9.17483 35.1457 38.8081 26.0406 7.63687 18.5226 37.7622 5.8991 29.1078 11.9543 30.788 45.4156 35.5125 28.0774 28.4505 26.2236 32.4914 40.1556 12.5733 7.87243 9.79705 47.5368 45.2107 36.7121 29.9173 10.6282 10.4689 29.6349 14.2691 31.4752 7.6975 23.3784 15.4904 24.5036 19.8816 44.6475 27.6012 33.5469 48.5332 48.9601 14.028 41.0592 38.7395 10.284 36.1682 13.7343 
36.0058 16.5232 26.3037 21.0009 40.1245 26.5261 11.4287 10.8218 44.0612 23.3572 36.3162 9.99499 34.5291 10.5982 39.4557 12.1106 10.528 48.7051 44.0946 46.8583 41.8468 47.5737 31.9184 35.9303 33.3968 21.5792 9.75598 18.4596 22.265 33.9577 8.6686 21.0023 48.7068 35.6609 6.30434 38.4742 34.3169 21.3838 49.38 6.02222 34.13 25.1716 29.8571 48.2796 18.3768 32.82 39.4001 9.06758 9.01365 14.2778 
28.5196 46.0104 31.4969 18.862 29.2661 32.7194 15.41 39.5363 21.6811 33.2242 20.1079 31.0884 25.1024 33.1046 19.4637 20.8087 46.4455 29.6983 45.595 36.4659 16.4506 31.376 27.8782 24.4259 35.7371 16.1525 36.1931 10.7118 13.4678 9.94553 38.9926 23.1843 18.3025 34.3523 21.0137 12.3826 13.0542 32.1435 31.6981 31.7292 33.5419 22.7891 32.256 21.3708 25.0231 43.9828 29.9435 29.0479 27.7414 40.2434 
23.7138 14.163 9.7812 39.3593 15.2641 11.427 15.0374 32.9611 33.6865 9.65253 19.0303 23.2441 26.0664 15.9579 16.8283 47.7677 24.6486 17.4525 13.8384 12.6316 17.4253 7.10034 37.2316 44.8787 7.63827 44.0741 18.8032 27.1397 22.4517 17.7604 13.8663 42.6016 42.0323 9.46967 12.6883 22.6705 25.716 25.7679 33.4486 7.96068 11.8063 11.9807 10.5294 19.5008 22.3155 32.2232 5.91635 42.3452 39.1489 23.7269 
22.8602 44.0461 17.8909 23.0286 25.0417 14.2745 13.9161 45.1983 27.5133 38.3807 44.9554 46.843 30.258 28.711 12.3201 44.5817 36.7587 21.5631 45.7781 42.91 34.8755 21.7441 34.4885 26.6277 46.7991 22.4742 25.9377 44.0552 49.6805 13.7206 32.9252 7.58636 36.091 13.8772 36.0705 44.7781 44.9488 35.4064 20.388 38.6906 46.6725 27.1726 21.7355 36.809 9.04959 38.9577 9.53152 16.1834 33.3509 28.2139 
21.0923 25.4115 5.07456 49.8108 12.5414 20.1131 31.8322 27.8349 25.7624 31.665 42.1284 17.647 26.9541 16.9401 18.4833 30.3039 44.8902 38.2632 29.5607 11.9502 9.92001 48.5541 34.7551 18.5541 17.8993 5.8292 19.0335 43.5442 23.8507 13.5451 39.8041 46.2521 42.3838 22.1203 49.1818 48.6392 34.6076 6.80477 45.8345 23.3104 36.3716 29.1879 15.375 8.64936 17.7729 46.0386 20.1466 24.5254 25.541 11.5594 
31.6897 13.9102 19.2483 35.1232 38.6449 12.6038 22.6833 23.8473 48.8824 11.3929 34.9236 48.0218 5.74409 34.2359 22.2867 49.0342 10.3094 15.7725 47.8906 6.47114 49.051 18.4688 13.551 40.6681 16.8795 25.8295 28.5471 45.1012 31.5255 30.6093 35.3883 14.817 43.5574 5.31762 19.3939 14.7418 5.77645 49.2444 11.5998 45.7358 39.7355 42.2283 22.1577 9.80214 7.77272 44.3295 11.7825 18.4596 9.51681 45.5679 
41.4634 27.9191 10.9142 34.8756 5.30112 17.2972 28.9722 6.81812 31.806 30.6459 21.229 45.2658 23.2717 22.0162 49.885 34.7138 42.4029 12.9335 35.8105 15.1679 42.1838 14.3238 49.512 34.4925 8.16307 14.0518 39.4625 18.2115 7.95932 22.0776 31.1918 26.1972 6.46579 9.1275 20.3458 39.4983 14.6772 21.1766 45.8626 23.2105 44.0666 21.4362 32.7724 47.3134 35.5973 39.0886 6.22735 43.6829 12.4571 6.72971 
14.6635 43.5594 9.41641 26.7582 31.3778 24.8183 15.013 31.8272 32.0883 37.4542 11.6032 26.5494 10.7144 23.2807 39.4822 46.0513 11.1069 41.9924 9.60377 15.8928 14.6378 24.0202 39.6657 19.4788 49.9862 38.3756 28.5168 45.9048 17.043 25.7973 45.49 40.8417 43.3117 5.60466 26.5054 22.525 19.5522 12.9227 49.4768 17.8593 46.52 39.6619 32.2985 31.9512 7.56234 10.2813 24.6907 24.961 36.5234 48.7323 
8.31257 20.3901 39.4311 26.1982 44.6995 11.3161 24.3525 24.4754 12.6287 10.47 12.7046 31.6378 27.0681 24.794 33.329 29.2205 12.5149 21.2263 17.1997 35.1373 24.3332 7.42783 19.558 11.3945 40.0124 48.0661 33.0478 20.7037 43.9444 33.1393 20.0067 18.2572 23.3016 15.1801 18.4915 7.22587 30.3568 10.2998 13.0717 37.3687 48.4328 49.317 41.6521 36.0679 37.7603 13.6379 18.2175 35.3155 31.7405 49.011 
42.777 31.6733 27.8047 10.1327 35.397 47.7196 32.9894 41.8639 27.7738 9.91506 33.0642 14.7789 30.8319 40.4704 33.2288 36.0529 32.6852 39.4882 16.1608 13.9908 18.2351 44.5036 32.2426 44.9594 43.0439 49.2456 37.5889 38.114 40.1349 32.8165 36.1067 46.2989 19.3923 26.2282 43.3972 45.4166 19.6345 42.4386 22.4699 39.2935 8.74678 44.0257 26.9141 9.00102 36.0216 36.8781 20.9442 49.2595 24.235 8.36668 
17.6925 5.41094 20.8234 46.9248 41.982 44.1308 10.9756 36.6507 22.8206 5.4275 16.3226 42.9734 9.61353 32.0781 10.3152 10.7216 42.0345 48.8712 49.7798 20.8153 12.0865 26.34 18.5483 23.5398 21.2427 11.9763 13.3576 16.3064 45.3166 28.8591 45.4813 41.3855 20.2731 26.6668 47.8861 30.9432 33.3748 11.1332 21.0386 46.6524 37.3832 39.0094 9.64481 34.0556 31.9303 43.7993 10.7567 22.4676 41.6298 5.83093 
48.4989 25.9161 34.4924 47.953 26.879 22.4872 24.4527 41.4005 30.646 5.803 20.422 21.9393 36.6414 48.4239 16.8424 6.99477 8.19982 38.8444 31.5653 24.419 12.4968 35.4766 14.3187 22.5753 11.8718 39.4866 41.7635 27.348 18.8012 5.26396 22.1216 44.2608 21.444 16.4904 37.992 28.4982 41.8129 48.0879 16.2073 36.3044 20.5578 15.0357 39.1102 30.4997 34.6414 21.4164 19.8337 11.0574 28.6106 43.3625 
33.5699 7.36092 30.769 31.4805 45.818 20.3494 40.7384 18.8028 7.31869 16.3743 16.2472 40.9032 30.6069 26.5514 13.9376 5.66892 24.7807 44.1607 20.1533 21.0355 27.4495 11.1452 41.7926 22.4002 13.8997 25.042 29.1525 15.068 47.335 13.1208 8.60253 29.0842 18.4101 28.9811 41.353 9.86945 15.7795 23.1317 30.3676 29.1315 5.95054 18.2411 21.5354 40.3792 23.9768 12.7915 29.5302 25.8443 32.3401 41.2568 
11.001 45.4686 12.9297 48.1013 36.3866 19.9697 35.7801 19.1276 13.6185 8.69018 28.7008 42.9273 23.926 38.4695 7.90724 15.2214 16.0452 9.60095 45.9558 24.8718 7.5139 14.063 42.8767 45.3307 10.1685 12.8416 42.9343 21.2751 32.1872 22.3219 25.0889 32.1381 16.2875 14.6314 9.10109 22.8986 31.3253 41.4572 6.57733 6.18723 29.0667 9.47984 48.4164 17.5731 37.618 41.399 22.4661 43.5968 42.9529 10.9981 
43.4515 5.79363 49.7324 41.8393 30.0042 48.6335 28.4785 7.79479 47.9898 32.4322 17.4073 31.6221 10.6488 14.0725 8.3181 31.4175 25.9608 46.5185 18.8755 48.4615 34.8504 31.0286 16.2345 21.4367 41.7394 32.8242 27.8994 42.6744 19.7279 25.0452 15.755 21.0702 5.35983 47.1662 41.691 11.5681 7.43994 28.1256 17.31 32.1413 15.1765 13.8662 20.2675 36.026 38.9113 14.1978 44.4169 8.56332 16.7457 39.7228 
32.1593 32.3986 11.9044 6.51055 9.35727 12.3893 41.6259 49.5026 15.4173 39.9525 10.5958 43.0283 23.0159 46.5795 17.9441 38.6584 9.11129 30.3532 16.5276 39.0698 15.6506 35.1016 15.0661 32.4421 34.2236 46.1909 8.0641 26.013 32.5462 5.06478 14.8248 43.6035 23.4545 16.5848 21.6576 18.7686 23.5669 42.6432 40.6737 31.5412 48.9794 42.0304 22.6291 25.7723 22.4742 28.6608 37.6598 18.9085 46.7255 6.82471 
15.7066 8.42925 45.7252 12.3747 31.5545 11.4858 40.7988 8.24354 9.57792 15.1858 30.7086 32.0442 14.9848 31.6226 39.1775 41.949 47.9406 14.8475 22.516 22.8278 11.2275 32.0034 40.6851 12.7253 38.3047 49.1653 14.9379 5.4124 7.2668 18.514 16.1594 45.7893 13.7357 23.6165 13.3368 10.498 45.5373 47.4799 5.14053 27.8248 45.4514 33.5756 34.3948 32.8963 19.5251 49.0293 42.5997 22.0133 34.6046 38.5448 
36.8513 11.8923 28.1798 44.5453 6.99662 40.6413 7.1166 43.9089 6.79499 38.5867 21.0436 16.6496 45.595 25.2731 35.2084 12.7513 41.7934 25.2871 49.3019 9.54024 47.053 41.0827 11.8006 34.4139 22.8732 14.2192 15.8231 30.4163 24.3762 30.9447 40.256 45.7742 46.9328 42.5651 46.6978 11.7084 45.7249 24.8294 27.7754 35.7198 44.3736 25.3898 21.1531 36.7633 8.79378 45.4907 33.9426 31.5812 39.275 6.29566 
19.6553 40.7718 30.7839 32.6247 13.7213 7.66119 22.3679 44.7319 44.2867 16.7047 8.31338 12.3729 34.466 24.106 42.1511 46.311 20.2128 18.4783 9.15888 27.8776 14.1231 28.6184 17.7255 21.0066 37.559 29.3068 41.0533 17.2453 26.5753 47.6146 42.5243 12.112 45.5422 33.4741 40.3887 6.46722 24.6393 22.9991 5.074 5.96723 49.2286 49.9859 26.1379 40.9951 29.5897 14.303 46.7689 30.7131 33.3976 21.8192 
12.0001 47.0465 31.9127 10.8978 27.635 21.9062 26.0563 49.3906 17.5655 9.7997 25.3875 39.6539 20.1179 26.4261 33.0933 27.5259 30.9764 26.8123 11.4999 15.6229 47.4973 33.2713 44.4149 48.0081 12.3282 27.3261 24.3873 34.1958 37.3435 18.612 30.0903 22.4147 7.28502 46.1104 14.7641 48.5325 45.0147 35.9464 24.5361 10.2003 13.3099 31.792 17.1019 20.7872 17.5348 11.7607 7.8295 8.88022 12.3863 12.2317 
10.7115 39.0719 13.0237 9.03905 15.0802 44.8193 45.9207 26.002 49.5906 32.3452 18.9324 32.7869 18.3764 17.3811 42.1559 31.8837 47.3851 21.1935 30.2429 15.356 43.3745 26.9508 13.8417 37.9828 28.0558 32.8569 40.6078 19.7535 29.4875 8.53331 19.3817 44.6171 43.3362 12.5556 43.6301 26.4385 15.8631 16.3595 14.233 14.9232 10.194 9.89384 16.3867 7.04773 31.6725 29.7375 22.9674 25.0878 5.78319 18.1851 
34.8149 42.2487 30.2682 18.9195 44.0782 26.3543 6.25527 33.9405 6.05175 32.9581 45.4727 10.9861 19.5532 33.1356 37.7398 47.9881 46.2196 27.9434 42.0087 39.2548 43.0855 23.537 16.5564 36.143 8.89633 34.0833 42.6415 14.9463 34.0945 7.46515 17.4111 30.3891 35.3692 7.8737 34.1508 24.6547 24.1938 6.9756 47.6216 35.872 7.22475 31.7628 14.6413 30.4637 23.8101 33.1368 47.6677 7.76163 47.8286 32.3727 
