313.178 391.285 240.946 352.469 30.0374 482.71 455.256 202.986 213.935 464.654 339.345 133.564 448.528 76.8927 9.93639 273.483 363.484 131.317 333.165 45.0867 461.17 141.894 479.631 228.73 146.336 43.9123 356.979 289.56 402.325 483.273 121.497 324.342 409.955 460.908 485.467 350.062 110.2 130.051 374.511 164.709 391.868 108.446 398.31 30.8948 97.1148 176.817 275.008 153.788 489.03 123.863 
477.847 145.674 454.082 260.413 326.568 205.752 415.671 337.101 475.097 54.5326 147.379 250.968 459.48 166.059 264.689 431.671 38.2557 29.2801 49.9929 212.579 290.156 465.05 161.772 475.178 16.4769 206.373 401.621 100.319 49.2726 398.599 185.729 204.363 455.984 187.57 55.2068 54.0436 373.334 422.747 85.7095 404.901 214.987 21.2612 39.3176 388.145 114.505 22.8377 163.929 73.7412 345.737 308.821 
197.538 156.911 341.841 423.214 50.9386 142.067 194.847 245.901 215.605 332.975 184.927 311.196 269.27 27.4424 279.937 118.044 186.777 33.1046 22.428 449.591 374.052 214.322 356.015 359.502 167.815 254.143 414.178 122.001 134.767 141.117 434.499 361.295 329.94 472.044 71.1474 446.164 285.237 64.7945 335.893 145.001 217.465 308.143 373.735 239.648 168.274 433.422 276.056 15.4125 117.983 362.018 
190.203 105.875 67.1027 188.994 24.9833 126.161 211.318 330.735 61.1646 115.814 191.768 121.517 445.473 310.888 452.53 268.628 300.239 240.329 167.823 345.939 409.074 261.642 189.388 124.816 159.654 166.854 52.0867 91.102 385.855 401.232 477.91 456.211 377.313 243.664 456.146 277.612 237.123 236.878 37.0708 140.245 75.0551 354.588 393.112 326.881 449.494 237.842 438.793 413.571 214.26 285.177 
429.041 198.364 329.229 412.343 413.88 280.527 493.781 452.191 137.822 82.4099 99.2304 91.4565 396.478 415.181 225.233 201.758 74.1773 127.898 394.335 292.255 41.1166 188.078 50.4477 21.637 25.3079 469.057 287.8 209.013 444.371 206.544 375.776 310.968 83.3963 402.01 362.039 346.191 235.358 270.84 126.133 351.402 317.757 464.192 149.641 328.075 247.322 312.625 187.331 478.851 181.114 235.211 
363.799 99.9223 90.5742 423.013 158.953 455.699 211.721 185.055 120.992 364.449 96.9251 303.482 52.6724 413.275 288.912 21.1821 76.8913 397.565 51.0048 27.7627 194.094 178.779 227.528 303.926 225.56 386.69 127.616 183.473 36.5175 210.256 98.8468 276.898 338.899 421.752 499.115 141.961 362.615 468.858 7.26056 262.15 54.6447 373.695 227.357 140.378 201.962 319.693 415.124 182.557 131.349 333.131 
115.62 421.136 77.5286 15.201 353.061 62.3085 207.213 31.7115 466.654 50.0174 382.322 234.231 144.392 15.3228 356.441 38.3008 234.157 291.088 238.254 464.234 291.211 294.075 355.274 453.712 452.15 487.57 414.017 339.815 269.599 109.593 246.887 249.166 454.09 114.73 478.149 57.9565 337.932 220.912 25.4485 474.881 48.594 26.0308 469.492 68.4911 165.485 118.9 298.879 186.408 433.167 260.731 
445.082 271.132 421.209 421.485 19.3222 282.989 207.196 47.5039 330.967 220.247 220.007 26.3461 434.311 357.718 48.2797 63.6823 173.317 385.466 57.3685 273.779 293.818 220.222 74.9093 242.631 329.043 23.5559 137.33 479.135 242.706 222.998 34.8618 35.9834 166.029 346.811 192.933 27.7765 216.482 413.535 37.9332 383.945 99.3528 151.597 9.63226 326.689 455.218 364.433 381.865 259.194 275.589 165.856 
355.652 384.1 430.584 66.4171 12.8634 155.258 57.9595 42.9833 251.143 483.905 218.875 112.587 296.741 400.363 386.038 448.969 262.695 131.713 336.727 97.6407 375.863 446.796 238.015 146.343 34.5211 291.795 153.607 279.39 374.75 107.712 262.328 340.037 400.824 499.24 357.677 343.756 436.786 195.891 423.04 142.225 274.649 205.775 92.1256 246.497 427.405 320.285 27.2177 383.844 325.797 391.076 
205.803 15.7675 34.6332 143.379 355.862 444.208 412.089 377.974 309.877 398.504 72.8236 217.315 403.212 396.072 409.034 191.076 239.342 273.307 331.522 424.311 405.627 151.44 409.527 140.83 464.912 399.405 482.536 307.695 181.083 461.049 487.706 285.251 418.833 268.105 121.304 318.549 285.586 311.523 309.878 395.707 25.522 426.114 44.7779 87.8442 493.818 172.135 425.398 363.396 459.122 254.244 
399.604 415.304 360.661 42.8081 387.75 481.468 241.905 389.817 88.8042 419.11 140.908 348.998 132.747 366.526 395.772 351.977 247.604 358.79 326.626 411.934 406.745 403.812 92.9735 310.756 86.7414 448.099 230.013 279.536 459.984 328.572 130.95 93.1092 12.08 492.712 352.979 277.431 216.126 252.744 441.371 43.0925 129.992 427.946 138.208 183.158 46.4257 341.151 104.84 479.821 28.216 222.121 
310.623 108.696 475.095 52.1482 334.306 176.544 41.5219 465.309 127.14 497.001 230.857 413.798 55.3627 283.768 82.5259 108.14 327.207 57.2433 460.654 289.883 334.202 256.067 209.377 37.9672 464.657 324.639 430.988 148.197 486.533 67.4777 468.981 22.9081 87.5365 185.584 100.833 306.744 45.7617 224.19 497.027 465.773 482.37 298.132 330.138 164.009 175.021 254.812 450.279 448.52 80.0303 49.1997 
341.527 411.725 89.476 76.5631 60.6938 420.905 185.265 332.129 35.1136 153.238 101.441 429.037 457.354 400.65 200.112 265.627 383.287 29.423 129.491 159.703 23.1314 208.916 35.8179 368.652 60.4613 107.404 179.467 489.897 413.885 119.61 213.763 239.895 405.609 256.236 174.54 350.929 208.28 406.411 362.94 400.985 83.5215 417.737 294.204 438.75 289.6 497.99 221.285 437.983 300.126 108.006 
394.858 341.803 480.973 80.8845 312.369 444.934 493.9 150.665 195.254 96.9497 288.067 164.173 450.022 388.225 138.954 259.571 408.122 434.118 410.457 135.644 165.39 299.222 104.048 424.595 359.832 338.122 168.202 57.6831 268.657 187.963 461.783 135.05 11.8189 84.6854 44.0677 155.778 267.408 358.98 289.639 213.988 292.804 484.032 379.957 449.487 104.17 123.912 288.445 289.357 341.715 347.968 
385.72 380.947 395.256 298.871 68.8817 245.088 163.837 445.742 182.711 124.912 296.795 63.6706 24.0928 312.583 399.265 271.663 493.39 443.093 202.681 202.605 440.935 196 250.472 121.245 358.384 262.081 379.268 326.72 36.3225 249.293 13.8464 355.243 7.83572 337.35 411.641 370.598 129.837 268.208 491.173 297.136 427.237 174.712 256.189 51.0678 97.7195 383.763 378.989 244.553 438.348 180.158 
355.961 21.4456 445.632 336.912 361.811 89.5184 334.827 180.774 461.616 19.555 66.1291 301.467 284.862 103.082 72.5456 302.815 448.103 165.009 464.449 407.145 461.883 156.424 115.78 65.8517 476.39 201.291 404.67 329.886 14.8375 101.753 388.096 139.513 431.903 375.107 313.099 113.49 6.56378 333.779 146.578 113.595 354.485 182.37 474.875 285.483 178.113 174.378 37.2043 321.372 29.5237 184.957 
482.733 24.5544 43.7065 184.475 101.259 499.843 270.4 120.803 422.41 391.113 163.316 268.67 209.099 253.314 213.974 86.6693 126.05 122.722 185.283 49.3215 349.133 13.3826 419.967 160.988 273.587 302.125 17.2335 400.458 33.5953 325.734 313.694 140.768 430.867 288.491 426.896 472.707 45.2997 87.2365 78.0437 486.756 398.766 229.652 401.124 285.876 452.784 466.394 115.679 430.485 195.442 288.626 
17.2362 395.279 277.363 475.345 491.545 101.746 207.357 114.335 24.9274 349.479 270.855 98.6858 424.926 383.045 166.935 243.794 177.508 157.604 222.493 442.439 189.871 150.666 305.191 177.844 177.528 386.756 17.391 153.614 90.9665 336.247 277.741 349.828 47.4247 245.05 212.529 109.225 206.068 30.5928 75.7865 425.912 78.1921 466.097 86.6452 324.29 161.304 448.582 236.988 89.9659 308.643 23.034 
215.152 270.098 21.6612 34.0828 346.315 177.445 221.32 166.859 416.381 52.9671 464.104 460.207 21.8907 395.63 70.1141 119.24 132.488 470.124 156.248 216.619 368.721 179.876 360.668 423.062 46.8914 211.336 294.701 217.246 281.657 83.901 175.934 61.9044 250.086 372.372 304.881 457.495 236.694 464.536 444.024 368.562 180.951 378.034 333.424 35.3655 140.783 256.176 347.339 329.681 168.602 198.847 
86.7424 107.758 111.887 225.638 337.439 420.835 468.359 333.681 330.061 309.186 466.086 226.991 98.2437 231.027 215.486 456.422 68.0877 470.765 307.413 189.58 493.07 148.32 199.612 309.116 94.6759 311.091 151.119 277.065 100.163 348.124 399.81 274.137 88.4486 323.316 497.404 335.98 383.975 79.0418 204.23 456.579 181.967 397.218 345.176 8.15253 485.55 362.244 64.7363 497.57 168.334 69.7472 
385.838 81.8545 383.209 293.126 194.662 271.837 154.946 215.377 28.3222 214.49 72.1759 331.453 378.514 150.053 35.2161 428.925 407.282 293.866 397.133 346.08 87.6415 353.672 391.793 414.13 253.425 166.894 273.196 277.428 44.461 80.6555 473.218 90.0977 387.876 268.446 287.38 364.903 107.307 120.721 365.938 67.5076 367.95 98.0017 247.924 96.1885 144.914 193.244 262.739 176.2 292.821 341.698 
350.978 459.102 37.978 369.729 133.396 267.633 167.694 484.388 198.872 385.727 21.4033 311.891 64.622 493.778 147.281 152.796 225.945 399.718 465.95 103.893 79.0276 495.369 244.916 62.3981 230.891 344.593 345.914 301.464 386.137 429.822 244.843 470.699 497.235 68.1703 250.993 272.82 465.584 299.278 430.534 393.33 461.259 262.486 299.059 110.676 132.288 63.1085 347.169 272.346 89.814 375.717 
144.487 99.1184 461.83 159.518 401.536 24.4843 43.428 356.03 364.569 268.999 189.524 483.195 419.553 79.9149 393.815 269.501 167.272 282.42 174.056 323.563 443.409 91.0106 81.4705 36.8572 241.314 187.446 76.1654 141.792 386.78 161.85 435.531 312.492 37.7861 347.517 457.592 297.777 17.8618 133.488 325.509 67.3331 304.396 179.279 211.377 198.947 382.801 15.8284 449.28 34.7866 89.3662 418.656 
327.528 340.251 228.063 401.936 76.3183 239.922 69.3156 241.561 125.37 410.108 144.026 66.4827 441.17 145.003 37.5093 413.825 490.607 420.053 44.6145 102.529 493.481 336.182 125.147 234.697 365.454 226.27 357.973 48.5604 487.138 210.172 237.651 281.009 80.8833 98.6104 151.409 315.906 279.328 217.274 254.582 166.086 124.044 40.9803 346.855 460.716 30.0871 461.494 360.912 388.165 190.825 336.074 
227.758 446.368 232.494 332.378 151.112 357.972 249.476 179.454 315.202 464.969 239.378 387.369 12.7978 309.188 224.468 427.602 13.1496 226.572 124.099 313.586 71.6466 18.1698 453.001 5.49845 152.563 164.074 307.814 84.7899 12.6712 285.292 299.662 86.7869 250.92 217.336 179.11 260.722 171.85 148.713 235.601 99.0372 164.702 98.7377 432.493 284.507 201.209 134.28 205.023 461.952 280.682 162.995 
345.633 384.659 208.725 91.7843 40.785 477.043 354.363 103.177 98.1444 393.48 358.94 270.673 470.509 230.874 499.173 182.468 112.116 258.353 376.762 499.704 108.678 249.839 160.219 277.853 437.334 271.344 272.045 224.272 462.564 329.274 260.461 298.924 177.57 267.086 61.966 155.11 298.267 70.1131 101.031 401.074 48.1709 15.4652 389.972 213.479 362.826 396.704 50.0317 344.44 59.8696 77.5474 
35.0015 53.3607 304.756 64.573 222.048 106.723 195.17 138.643 441.708 494.877 490.685 83.306 316.817 22.8426 315.951 15.0261 345.7 359.508 281.103 237.407 27.7046 491.294 229.121 198.8 339.319 11.326 294.394 253.297 411.904 256.769 36.4672 464.421 471.456 314.161 264.919 392.584 404.319 84.094 353.542 27.2502 256.967 423.473 112.655 19.2257 209.252 163.297 409.292 363.871 208.888 256.943 
321.712 395.05 304.248 100.506 81.6266 274.568 98.5507 33.298 48.5755 499.342 121.932 188.776 98.5676 460.002 81.8232 475.934 338.891 261.341 485.304 478.338 199.989 378.37 181.028 410.045 372.936 195.954 488.665 404.148 210.586 377.579 291.17 413.86 44.9099 145.385 204.705 489.919 337.655 340.533 89.6232 426.713 341.513 250.935 154.496 499.671 72.3092 400.647 389.506 163.839 300.5 139.853 
81.3323 494.036 309.379 440.845 143.022 291.415 260.115 23.011 43.836 52.9452 43.638 390.043 80.8712 125.203 281.541 409.154 479.278 221.529 116.228 351.912 44.197 46.4047 124.051 321.616 278.093 350.62 448.151 495.891 452.292 178.219 402.098 306.287 351.6 196.155 36.9866 31.1615 91.8176 299.68 463.32 302.803 414.85 118.499 490.617 322.647 252.289 79.2218 452.254 379.792 220.983 482.532 
68.8385 468.549 93.7276 194.257 145.972 6.58038 425.629 381.253 395.563 462.826 90.1537 39.6734 330.394 380.896 267.445 81.6717 111.59 486.926 305.56 115.752 464.435 305.426 263.342 385.595 251.471 191.442 92.6797 211.937 162.422 447.213 215.416 118.584 45.7698 159.618 275.755 19.3125 381.49 173.711 138.967 281.614 303.117 196.41 58.1027 215.181 461.31 437.153 303.892 251.078 361.402 412.766 
20.098 312.312 321.865 137.792 471.68 277.244 115.119 260.794 337.978 181.064 242.232 38.2368 412.399 42.1694 232.132 419.699 236.461 224.594 64.0505 11.307 55.2926 13.2011 65.1213 299.002 290.579 76.1954 338.708 6.04913 238.829 279.024 388.22 68.4343 489.657 390.089 402.722 418.018 310.449 380.62 377.171 45.4129 444.57 194.421 74.6015 248.278 433.129 324.297 214.48 215.978 166.373 147.997 
448.567 409.778 214.072 198.171 274.879 338.299 421.244 363.813 405.059 329.403 401.124 99.1985 279.573 217.028 353.175 390.897 499.576 109.452 458.54 82.4365 258.904 451.605 216.88 344.572 324.511 72.4246 228.042 212.179 316.816 359.652 28.5185 62.7677 123.94 416.506 427.173 318.451 335.322 220.62 362.638 305.441 407.829 263.85 169.199 83.4948 257.95 405.866 60.0445 480.02 113.786 288.498 
69.7386 385.47 472.593 396.155 60.3818 191.8 350.521 286.828 59.3164 49.3427 398.509 401.251 341.406 246.74 492.792 314.472 412.133 221.464 414.83 179.957 16.8345 171.647 350.14 339.096 326.112 491.534 127.382 337.493 214.342 12.234 223.185 340.894 201.909 66.1 191.326 274.84 69.7601 140.269 15.4802 264.548 410.542 184.905 456.828 109.142 293.342 383.2 219.272 304.144 36.7139 448.811 
382.035 130.767 333.119 475.299 484.634 253.137 317.114 490.262 61.8782 22.2059 498.53 406.713 372.758 277.851 184.077 431.013 311.127 451.861 354.896 139.328 354.58 493.747 459.689 243.166 185.487 237.409 191.845 288.296 82.1914 347.669 55.1307 60.7147 428.483 472.631 351.522 372.031 353.799 382.439 55.4562 5.59381 71.3444 173.094 478.164 304.981 213.606 470.262 499.834 159.861 427.077 211.371 
235.533 339.963 293.632 334.948 206.774 383.252 130.029 461.39 389.552 404.919 418.354 167.411 155.703 135.548 316.4 117.563 320.476 185.185 202.194 145.496 178.944 7.59567 193.729 95.5798 482.466 475.971 276.123 193.312 202.838 326.89 147.412 378.734 383.667 308.328 305.296 405.145 172.603 191.224 436.512 456.269 8.31777 74.5446 188.42 421.983 224.951 491.752 272.299 36.7595 84.7991 370.549 
453.641 109.875 243.605 87.8218 316.633 387.054 157.064 36.7798 405.196 432.875 180.611 301.138 33.5199 238.853 146.517 151.408 496.252 434.568 30.709 318.564 330.027 203.022 343.605 109.409 226.305 73.238 86.8217 427.587 405.247 417.905 285.827 465.766 470.281 353.362 359.377 75.8784 36.7375 452.889 112.767 471.113 403.884 19.1685 414.756 464.609 151.064 250.49 84.7391 35.0294 13.4823 318.94 
326.051 92.1876 147.105 220.331 53.1559 147.222 106.256 274.601 330.32 192.012 243.793 324.112 205.736 152.955 215.082 6.18741 92.9173 206.389 50.5358 42.6491 33.4963 33.9552 122.303 284.769 156.421 71.5548 460.505 110.117 264.567 126.472 397.601 321.72 489.822 297.808 193.608 445.483 250.554 190.121 257.013 151.365 232.263 297.218 362.127 288.424 74.4547 382.301 493.877 214.355 499.681 295.211 
5.81343 294.193 266.073 344.915 271.637 327.002 332.01 318.372 196.979 156.838 187.715 258.636 354.502 402.384 249.299 18.3805 362.025 434.904 221.323 235.636 194.02 27.058 386.53 352.536 49.8191 270.152 376.401 310.843 420.625 433.884 487.429 152.905 448.705 492.84 89.3481 350.229 243.501 452.623 398.589 281.1 157.916 140.906 209.808 120.564 264.918 21.2217 229.012 86.9177 432.44 403.889 
290.476 264.542 358.114 498.222 41.1332 239.886 328.331 39.7961 160.033 368.049 258.602 499.257 454.312 355.558 380.025 268.637 377.891 275.292 41.8172 240.464 288.57 72.42 313.574 346.7 453.886 486.58 456.944 363.147 97.5945 338.389 494.23 111.469 314.386 261.423 74.2402 281.809 430.809 343.415 203.334 101.669 385.808 363.121 485.035 155.26 63.6582 63.6921 80.5022 260.153 305.743 350.08 
306.778 233.425 22.0023 83.0244 51.1562 203.026 455.864 459.644 487.91 45.7861 333.534 158.398 90.7066 404.762 278.794 169.411 124.757 419.312 435.277 41.2939 397.855 257.564 266.32 184.437 469.151 106.887 132.679 146.827 409.108 367.788 377.289 64.6511 150.715 330.469 386.977 297.106 345.589 105.427 306.39 464.568 75.3394 141.211 90.6592 224.545 241.943 422.605 21.0848 6.88344 470.241 269.534 
31.1451 456.482 357.223 106.282 49.6821 186.735 228.348 367.753 460.813 204.877 322.963 114.82 73.2582 205.042 442.94 68.7128 154.466 53.5041 493.045 101.962 287.176 111.509 242.785 400.96 344.485 457.62 75.3346 303.22 447.827 218.411 122.885 61.367 498.802 11.1982 260.196 431.117 14.0587 363.391 243.788 117.786 316.827 475.905 487.574 48.5627 128.901 393.711 14.4882 246.886 72.6716 149.951 
94.8884 105.093 133.434 310.881 88.487 344.763 214.404 97.1158 389.591 451.55 268.594 67.0469 162.852 493.23 92.9842 91.4998 451.644 183.19 70.1734 305.263 412.452 28.736 46.0166 484.797 478.497 400.928 289.489 472.292 157.098 129.309 175.26 252.278 351.553 7.32236 60.8376 102.823 267.422 487.382 178.136 101.833 305.645 157.495 442.898 417.136 395.102 127.605 329.419 143.422 148.995 205.868 
113.424 376.339 308.323 94.1094 455.468 122.06 293.957 84.9457 484.305 202.682 237.526 162.223 86.3975 181.107 308.327 341.72 418.6 394.178 192.32 175.074 282.142 373.61 8.60941 280.12 70.088 115.602 138.555 322.765 251.84 25.4608 438.119 135.196 236.564 294.869 286.817 227.939 388.746 120.821 305.635 318.183 424.92 367.147 348.564 485.592 281.554 195.013 147.143 7.20197 51.1844 161.596 
391.717 126.545 92.8135 23.3587 357.095 452.651 325.007 196.858 498.833 207.945 177.67 354.367 21.7901 39.9679 162.671 33.7407 472.51 261.088 326.434 472.484 333.821 493.619 491.181 114.834 60.9428 201.577 351.418 444.657 463.62 191.334 16.298 251.631 447.002 152.727 273.966 111.179 119.789 113.889 101.482 24.593 461.924 300.876 70.1746 119.353 280.796 221.591 225.372 407.674 292.214 314.799 
401.271 39.9846 213.239 484.089 162.927 188.615 260.097 282.685 397.818 152.257 115.721 385.324 447.732 269.801 379.05 268.337 333.661 119.508 184.941 499.123 305.23 416.224 484.033 321.055 97.195 385.726 348.639 352.262 374.129 190.812 111.422 242.66 334.169 197.005 163.811 16.1076 416.945 179.398 428.193 394.795 145.345 296.415 433.605 237.368 140.217 193.883 370.303 353.497 360.579 297.442 
88.5929 461.653 453.412 351.015 385.405 468.193 391.074 252.678 215.142 402.043 238.346 296.913 199.516 466.883 233.208 169.335 129.909 492.652 456.227 361.127 239.852 155.844 193.062 15.5107 453.746 171.599 390.929 476.988 473.415 488.159 164.521 95.171 435.448 446.119 308.096 473.862 187.047 208.004 46.9613 215.758 96.6753 24.0688 425.761 329.999 266.344 389.308 223.608 204.102 24.3344 202.757 
296.375 324.013 487.598 231.305 407.299 388.277 481.116 66.9655 7.76862 99.1037 187.531 92.7893 403.624 460.031 111.836 395.73 309.84 494.315 195.654 443.786 479.037 179.468 149.223 448.894 134.584 76.3547 15.5366 56.5583 39.4296 273.928 203.183 339.506 192.681 111.005 471.985 360.111 252.087 30.7712 267.849 107.452 420.483 17.5287 168.791 487.368 213.897 286.723 36.2712 486.519 422.182 359.254 
441.074 358.109 364.96 440.677 337.628 326.651 393.071 424.232 121.612 116.86 288.752 330.142 342.425 156.837 254.243 157.249 272.376 477.039 292.223 499.971 144.813 445.906 292.801 276.613 489.37 238.283 430.755 376.748 127.52 387.503 88.325 142.418 458.381 309.366 110.807 385.404 439.073 224.845 81.9309 152.152 120.051 363.11 491.899 81.1019 488.083 421.072 388.327 371.573 422.055 178.606 
460.702 350.319 424.585 414.07 462.808 92.6201 261.998 40.5342 428.435 153.252 465.573 353.51 298.422 376.791 329.675 84.4707 148.955 173.411 34.3766 444.478 315.248 465.751 422.358 202.57 177.116 416.174 21.5985 291.193 329.927 391.358 7.76257 266.429 29.2457 190.437 461.089 391.299 324.47 104.406 424.904 181.323 358.971 299.003 34.6976 187.377 192.418 431.59 333.098 166.652 96.6896 52.1069 
11.0429 427.533 115.063 459.191 358.142 104.19 475.987 229.995 180.446 311.525 415.434 479.554 484.023 282.493 80.479 146.701 410.572 7.13423 490.679 130.459 378.731 314.771 264.376 5.85746 330.18 472.992 443.249 84.9222 356.542 298.404 275.904 138.238 353.211 112.122 354.01 16.9435 406.588 172.305 87.4947 415.406 75.4089 275.006 342.873 300.744 487.077 331.257 96.3051 91.0316 441.16 166.562 
