210.029 411.406 20.2699 455.614 57.9455 331.8 49.3567 300.869 257.837 156.733 43.9886 64.1143 241.715 420.4 352.361 284.687 478.794 209.724 436.021 11.3573 243.192 394.941 446.918 325.499 160.772 354.256 73.5717 493.326 342.443 165.703 432.236 331.61 72.6487 239.704 79.6093 343.733 31.1726 200.054 446.695 69.9139 464.669 288.492 253.878 352.141 340.183 162.229 221.786 123.712 374.619 214.425 
475.508 157.4 158.346 11.3933 31.1795 225.525 200.418 228.805 309.035 469.399 488.946 153.958 16.7848 474.716 342.303 430.257 479.875 470.036 456.406 235.732 275.767 209.156 422.625 464.666 112.756 471.122 257.517 127.442 182.247 299.021 97.385 207.22 12.9338 34.2135 499.204 102.649 349.7 479.916 204.842 345.398 81.9728 154.728 135.121 44.0606 463.631 167.944 409.341 459.411 496.159 54.3698 
141.446 335.24 76.2384 196.78 190.386 203.823 93.4173 256.315 444.033 262.085 100.947 71.3309 9.37734 12.6381 394.387 462.823 171.369 88.9654 344.781 136.133 291.528 235.88 377.614 261.524 341.357 423 370.538 231.452 38.5571 320.27 256.152 257.689 427.054 144.387 342.349 16.0537 210.701 466.395 312.959 171.562 223.791 76.0364 94.3838 297.874 240.395 383.519 271.512 450.255 264.824 335.49 
63.8188 228.039 70.5361 86.3209 201.195 104.577 331.455 495.856 178.682 36.2285 148.904 396.775 29.5692 100.982 333.538 320.951 172.665 91.8299 307.772 258.094 151.073 339.342 206.776 189.042 395.168 399.692 314.963 408.228 87.4895 288.252 344.846 103.562 361.671 431.361 148.45 291.482 302.554 70.6547 283.966 309.128 499.14 350.517 383.244 301.421 213.604 137.661 11.2648 65.6754 116.97 486.235 
291.549 205.498 277.772 126.336 472.523 306.755 156.982 73.3506 169.239 309.003 127.344 262.003 202.624 117.588 356.075 458.081 169.661 285.065 260.94 348.531 276.227 376.763 54.1238 322.698 58.764 445.286 473.29 121.319 358.286 183.302 230.612 190.335 53.3689 324.697 20.288 426.518 337.553 428.302 102.462 149.929 34.3714 198.32 449.448 488.349 220.421 295.456 395.882 152.441 306.055 69.9708 
113.765 81.6756 95.7575 340.938 261.301 419.861 6.84703 61.4216 462.124 409.948 388.666 225.368 367.457 271.023 299.663 484.472 412.544 495.187 147.089 268.705 46.3449 440.323 379.374 391.97 184.133 92.7052 337.061 349.368 43.0178 231.302 246.809 436.283 454.535 337.637 334.326 284.874 124.808 429.346 231.993 387.441 72.237 251.09 495.925 124.133 169.811 355.413 74.9551 411.709 286.119 432.246 
414.434 312.416 317.796 334.824 295.839 139.026 18.8933 282.743 462.289 181.045 110.052 352.571 417.575 463.77 495.573 318.828 399.29 425.469 105.826 310.998 306.578 8.34973 313.482 452.857 417.967 247.59 284.599 208.469 40.2523 164.402 482.936 316.541 264.41 351.274 408.82 87.0471 275.271 450.455 282.116 126.246 364.8 12.1856 86.677 440.566 308.344 156.694 475.76 486.709 276.838 233.233 
471.147 6.78576 91.548 215.932 221.539 223.25 225.455 54.9695 269.96 75.3399 203.699 229.422 117.594 276.274 64.0487 396.317 16.9835 434.941 317.476 245.151 475.996 17.1994 6.75866 81.6188 395.24 477.988 137.183 499.305 47.9341 222.089 34.5599 342.656 493.845 231.033 421.374 141.595 120.088 492.42 89.5904 277.837 199.295 92.2923 448.755 312.128 287.863 230.986 203.39 480.496 342.482 414.241 
152.59 385.469 145.228 169.951 110.491 462.623 145.91 303.763 137.195 470.6 372.347 488.177 395.877 269.178 467.412 20.963 481.705 353.74 94.1756 125.043 152.065 65.7372 159.859 496.267 414.655 6.62963 125.041 326.999 319.757 262.51 469.26 7.62012 381.651 417.857 151.957 51.022 56.8099 98.3178 416.351 48.5133 141.958 131.4 400.864 191.898 154.756 28.5059 39.6726 406.225 131.704 37.5582 
80.2424 164.054 143.37 422.961 25.0873 495.43 5.50328 207.313 334.753 242.046 199.138 183.331 348.079 443.164 392.209 208.198 119.794 383.925 37.5049 316.404 188.96 292.722 216.877 278.824 494.02 375.761 460.994 183.037 253.67 352.989 496.537 267.824 232.845 177.521 252.858 16.4852 301.11 224.358 91.6987 475.968 311.758 232.109 168.144 280.943 142.818 417.369 362.907 222.986 422.054 338.763 
156.822 307.486 82.2954 387.735 109.445 435.443 389.974 437.761 14.141 30.4117 443.267 409.133 208.434 14.4045 171.851 350.684 350.54 102.65 83.5459 191.455 315.285 163.318 418.098 52.7697 186.759 474.761 317.789 102.73 181.53 37.313 359.852 133.394 381.206 120.134 42.15 326.838 136.445 480.23 115.639 237.995 363.42 449.353 303.984 424.179 247.795 199.095 257.474 220.333 182.135 125.756 
240.23 92.4395 131.484 141.13 359.673 85.5161 161.011 6.3402 23.6259 443.233 262.731 307.894 70.8798 168.157 262.898 396.201 340.017 476.788 162.268 18.3792 455.976 103.252 342.833 173.096 103.646 488.446 323.357 173.823 47.6667 151.712 463.579 22.3944 484.48 202.218 464.419 134.404 111.24 116.434 449.159 8.20849 245.959 48.1575 431.091 375.142 42.3264 237.306 14.7106 64.3553 360.139 407.776 
284.037 134.405 71.6068 41.1567 341.206 272.223 62.692 433.092 109.845 29.6677 331.63 154.278 44.9509 210.246 392.737 92.9517 304.038 274.902 322.376 208.583 252.447 37.1998 159.506 139.703 24.3339 268.555 299.156 306.373 325.141 200.236 444.661 445.716 366.602 456.38 34.8102 195.265 370.584 269.178 379.312 328.925 334.665 453.696 477.656 103.493 312.292 354.192 350.792 173.199 10.3579 233.181 
148.414 320.213 427.267 118.052 118.918 268.996 482.995 268.433 460.01 57.4086 308.411 225.464 98.7029 397.741 11.852 238.498 456.27 492.92 487.47 101.369 301.911 217.779 109.498 376.904 133.763 411.812 77.6672 212.371 263.372 429.505 411.369 459.434 62.7314 303.526 58.9849 77.1554 487.31 379.13 264.35 124.208 147.253 58.6128 134.224 461.309 124.577 33.4443 155.644 426.968 23.6637 237.907 
251.154 269.731 397.4 62.527 467.218 484.481 482.003 252.033 185.811 67.1265 332.614 34.2577 149.659 379.948 214.082 487.889 463.992 359.641 297.879 82.6646 440.049 206.876 481.453 203.782 431.307 52.2888 264.47 468.41 454.967 436.834 118.942 16.5604 106.085 285.914 409.66 267.173 186.605 280.176 348.905 318.281 17.4396 420.126 5.82019 160.116 194.474 209.129 466.554 398.856 115.386 282.746 
107.188 110.04 361.744 182.811 314.689 311.746 395.887 315.092 331.911 149.743 144.654 392.966 407.909 19.8159 412.981 457.029 190.369 323.06 430.148 465.004 132.472 217.202 306.018 210.292 387.121 388.718 327.611 275.357 303.534 190.409 127.342 454.237 229.982 42.2425 294.742 21.5095 420.695 423.631 39.425 487.706 447.048 79.0306 392.382 281.09 33.9168 437.541 250.302 61.7597 484.595 404.393 
461.76 81.3469 281.31 296.214 388.81 297.086 9.77231 110.789 388.335 69.4476 461.968 31.5045 486.699 16.9148 466.308 428.57 274.179 141.923 85.345 389.378 132.091 65.4459 160.696 87.3656 353.985 258.555 59.1989 365.225 309.77 96.2384 99.2693 349.855 193.58 358.817 487.691 243.98 307.021 411.108 472.089 58.5466 127.628 42.3602 95.9916 134.528 467.36 402.308 143.37 31.0624 427.296 104.688 
299.88 235.258 94.5066 298.225 326.728 472.2 337.332 271.77 355.002 66.2864 63.8744 77.5683 177.028 156.518 423.373 131.683 259.217 430.266 442.665 412.433 224.634 428.775 488.529 117.317 132.38 67.2901 307.663 294.259 211.404 280.135 209.66 85.4375 110.093 315.031 118.443 380.331 263.885 328.369 332.276 91.5785 185.116 342.295 341.278 436.049 421.813 156.897 291.653 285.849 431.054 487.5 
483.349 330.115 318.205 139.192 477.091 189.815 39.1314 23.9022 429.246 38.9692 378.662 187.923 129.9 216.468 281.238 72.5553 190.663 276.118 160.781 300.988 433.415 111.368 120.513 13.1207 432.523 311.648 34.5269 327.622 40.2303 322.867 252.906 68.0925 211.472 131.248 87.0915 211.247 335.992 419.348 233.67 463.911 478.767 219.043 151.833 412.401 398.473 331.088 344.75 160.052 330.226 356.051 
38.2572 404.752 254.231 472.805 381.593 96.7745 142.197 52.918 70.6022 199.619 291.091 455.232 32.0392 367.521 328.194 57.6148 116.455 292.65 205.753 122.084 353.533 240.527 155.656 467.963 329.679 14.3168 478.086 311.166 372.29 173.191 6.25761 466.81 216.949 467.541 230.519 59.2303 245.47 352.367 320.143 104.759 300.028 251.698 52.8515 65.976 64.2968 242.768 214.039 98.3941 146.426 210.99 
77.1229 426.789 275.911 312.484 118.434 331.515 33.9005 463.792 398.37 264.143 459.996 7.92041 25.0689 99.0708 452.463 219.725 419.974 362.592 136.461 186.068 119.499 119.327 328.955 234.942 98.6583 381.974 427.073 403.889 298.747 275.948 473.363 153.477 68.776 248.127 456.695 499.505 235.95 497.632 213.978 179.992 406.957 454.634 280.676 103.716 29.4595 428.091 457.482 71.3711 339.291 378.142 
120.585 287.825 304.159 393.354 85.0368 24.7129 325.873 128.815 473.851 488.809 148.028 72.3872 26.9214 198.418 12.4986 70.1882 164.234 71.6494 267.466 189.491 136.698 498.437 188.846 145.002 191.662 475.997 334.896 217.218 212.769 395.651 451.157 239.518 291.468 15.7649 254.478 472.618 476.747 139.679 299.226 66.5106 70.55 103.237 185.141 183.431 391.66 384.284 55.5291 440.856 269.125 316.545 
202.334 152.907 333.6 283.16 463.109 120.053 50.1632 26.4975 43.6922 61.9058 441.119 482.863 499.891 299.515 414.042 227.753 380.791 293.478 60.7662 177.071 345.865 448.738 273.217 47.7637 446.969 287.461 16.7432 424.175 499.824 156.116 266.524 275.448 491.95 90.5632 21.4424 497.051 146.025 274.803 336.224 379.921 190.997 496.862 95.6236 196.894 255.994 276.77 194.571 436.344 171.472 278.129 
395.245 52.7379 220.825 413.532 486.276 5.44641 186.053 203.408 177.611 37.1323 175.937 207.558 459.151 63.154 162.969 219.093 250.505 177.603 416.068 266.561 228.099 334.676 102.258 106.496 432.997 390.789 130.993 199.446 311.821 409.629 242.066 100.758 76.4525 223.949 476.521 277.159 357.006 63.0912 416.902 137.123 76.2926 439.379 327.46 395.52 198.092 126.499 494.709 117.462 487.344 163.353 
15.3254 7.21092 285.331 208.299 364.586 360.252 193.819 451.892 320.935 434.291 245.609 148.09 318.384 440.742 423.558 188.266 351.878 410.898 171.418 373.99 419.675 161.186 411.784 237.636 400.819 119.256 219.176 65.4949 307.673 274.967 168.998 440.136 83.7445 395.144 477.251 332.46 101.604 392.321 430.748 10.048 356.302 206.892 316.819 487.168 304.574 320.321 313.412 407.761 254.139 383.263 
110.982 25.8272 238.954 181.92 156.74 402.907 32.7102 316.01 162.939 107.286 347.816 404.668 267.63 436.603 356.514 402.918 363.855 340.021 442.058 451.061 49.0113 279.878 156.53 128.543 325.783 49.6101 127.996 104.897 127.498 441.902 19.5746 212.835 355.998 317.706 207.422 316.588 381.43 55.4673 320.693 367.391 85.7313 140.512 118.563 332.368 369.905 113.459 377.618 256.255 268.154 215.296 
381.125 252.238 374.842 84.9341 157.209 227.393 352.242 220.202 343.547 182.702 344.352 135.326 470.302 306.473 107.021 117.013 329.453 409.757 215.973 396.316 219.946 161.035 267.618 151.218 288.85 163.562 398.972 96.4678 262.886 316.536 464.809 388.317 170.428 59.8321 195.575 469.036 293.087 457.502 482.297 296.857 480.081 274.663 14.5043 167.051 267.073 373.451 60.2121 224.762 88.4924 54.9514 
195.988 40.5519 185.178 401.343 200.908 135.79 337.676 208.992 326.764 432.933 219.987 266.819 133.582 246.513 96.6413 434.031 186.686 195.06 38.8776 236.478 44.2828 169.49 412.428 333.025 250.371 179.44 159.819 368.132 105.343 40.0534 158.571 336.318 154.699 152.492 320.864 385.636 19.8721 235.223 395.5 223.334 173.411 345.72 370.695 446.828 394.275 357.346 151.781 479.53 277.118 269.226 
490.094 233.48 139.263 123.218 209.346 277.138 118.491 466.37 389.891 118.151 381.52 278.935 128.228 73.8224 11.5448 292.202 138.172 324.507 280.712 92.9952 343.375 68.5863 5.32506 499.897 179.496 187.432 71.9933 52.8612 52.5571 65.0412 459.065 333.168 168.709 126.67 197.816 403.814 62.1281 471.796 106.485 160.642 395.382 416.745 75.2532 368.455 286.668 352.728 374.135 223.556 204.721 92.9769 
34.8064 475.849 31.1164 139.973 131.013 337.95 285.125 196.735 48.4803 457.142 353.751 72.0535 137.216 295.396 35.7732 242.576 185.157 437.745 224.831 488.545 180.213 311.508 276.421 345.478 472.643 348.012 481.678 104.78 199.87 61.8832 121.69 402.385 334.265 432.45 296.583 31.7212 51.8352 188.821 139.006 193.477 302.245 488.707 463.561 367.354 242.125 163.274 44.9191 24.3247 209.851 244.266 
437.004 279.67 194.421 367.157 299.439 498.318 210.419 215.836 439.116 236.875 267.525 208.212 134.007 150.432 415.3 65.9381 11.919 459.21 191.569 88.8035 347.727 7.76608 36.8843 491.185 179.006 181.747 289.844 422.143 260.573 343.153 80.2296 207.971 51.7799 294.023 308.159 217.851 425.991 495.22 145.734 335.263 291.111 466.834 375.554 205.176 234.911 101.126 271.637 262.3 243.588 242.431 
220.428 239.644 270.947 332.085 281.95 387.16 194.007 97.2802 28.391 317.937 95.3419 423.466 236.524 435.156 331.284 478.925 469.679 49.2037 272.916 19.171 117.108 456.353 201.512 485.596 269.347 313.256 427.596 412.375 35.4698 497.112 18.8511 46.8538 96.872 436.22 163.298 402.744 120.126 26.2341 36.4883 361.433 229.287 313.863 26.2103 225.33 490.169 134.66 419.329 394.042 436.492 467.559 
188.714 26.9937 5.27233 417.753 446.697 338.885 490.136 321.391 100.726 288.518 229.831 148.562 283.521 321.507 50.3034 282.839 483.348 449.947 318.034 117.096 212.956 39.3667 255.727 351.71 53.5513 481.734 355.659 21.8599 204.619 381.122 410.597 163.479 375.001 214.633 466.581 410.932 24.0934 296.99 148.298 210.142 31.5697 84.8981 274.93 470.616 446.216 286.305 386.91 193.418 400.593 150.019 
377.717 63.4016 249.566 19.2047 448.992 440.463 484.405 285.792 487.035 180.756 454.058 484.936 127.128 347.418 243.12 79.6812 240.799 391.17 170.025 20.0105 147.217 308.66 418.672 470.561 200.312 234.482 337.224 201.764 63.9373 412.324 359.852 304.819 365.452 395.88 237.136 402.172 142.418 245.506 340 43.9886 238.067 377.444 387.127 252.03 81.1511 230.742 250.318 223.882 431.353 346.402 
480.469 360.636 266.541 110.863 242.977 437.078 10.282 388.884 143.036 30.518 131.937 356.454 364.82 442.473 423.195 415.008 83.1834 261.223 63.0726 110.551 84.9962 397.101 196.962 331.648 209.665 18.2059 209.182 413.001 337.758 154.625 219.227 373.409 39.9365 88.6417 213.275 343.982 60.2764 319.757 206.393 116.77 260.776 254.879 327.129 125.995 374.977 133.039 459.624 9.90196 226.896 63.9872 
318.347 282.041 171.417 401.665 222.019 63.1039 209.142 342.836 154.213 303.382 141.442 432.016 315.62 95.2195 295.588 476.16 19.2989 467.636 37.4216 316.409 139.628 221.915 48.7266 212.872 156.141 16.9587 497.417 145.422 126.559 44.0819 469.157 428.873 204.214 308.179 12.4904 279.602 312.301 426.499 284.666 431.804 149.904 479.768 248.255 350.892 133.458 331.515 367.053 65.8979 379.599 73.689 
58.821 460.108 138.625 442.483 172.208 287.648 453.731 275.259 38.2179 335.057 269.693 34.5149 479.033 459.33 67.9779 253.597 424.764 41.3121 465.001 312.05 419.624 76.1223 356.068 248.075 102.239 304.261 126.608 430.367 366.103 311.29 237.679 417.771 206.626 193.14 16.7176 331.301 152.773 413.318 230.782 461.895 174.817 339.663 276.734 165.839 122.474 436.159 132.287 324.714 267.241 143.406 
174.702 236.609 467.25 146.011 140.513 167.917 53.7052 274.124 121.21 461.189 124.748 393.575 29.1263 440.943 344.196 429.041 230.493 95.8724 457.326 216.388 70.2643 148.733 294.464 399.508 200.037 474.064 9.6256 418.657 177.512 322.708 307.591 213.137 41.1303 223.872 418.747 354.248 237.825 236.518 11.5983 435.443 262.205 70.5626 72.7936 399.687 87.5018 51.7555 122.72 321.65 142.488 414.73 
54.5788 285.51 413.684 20.6694 158.761 149.655 468.895 124.263 351.184 378.114 144.213 210.824 142.816 331.19 343.628 401.083 441.955 195.981 489.066 6.73284 293.781 438.218 208.7 235.689 28.5778 475.722 72.9405 285.856 488.661 487.929 50.543 363.499 462.934 116.325 271.717 429.268 318.491 469.772 156.796 155.206 378.561 252.141 108.315 374.68 262.442 472.394 286.09 304.616 170.788 7.0327 
205.718 402.498 216.911 159.565 228.186 281.638 94.4618 237.514 299.526 263.074 438.4 209.569 170.079 373.223 389.134 175.133 186.075 104.148 498.454 57.2605 233.147 270.681 477.501 103.596 353.545 223.29 452.378 184.619 302.374 412.122 144.355 291.909 447.934 99.7312 160.192 243.8 210.793 266.622 173.557 320.483 152.189 81.1615 204.11 117.55 42.6599 105.617 174.37 309.075 405.138 298.974 
334.569 22.3025 447.385 404.347 323.977 443.212 445.372 231.846 340.943 85.1551 35.6143 211.287 353.638 72.6709 272.4 261.389 149.651 433.922 393.772 365.382 456.259 471.005 143.073 275.081 72.3568 467.159 315.49 471.958 155.242 148.942 376.403 463.131 174.085 355.714 364.209 495.762 36.5672 490.132 393.459 119.448 192.763 447.041 448.148 197.76 244.104 248.219 14.0627 243.707 24.9996 145.927 
246.941 86.3893 14.6632 254.045 438.355 370.537 246.635 95.158 455.621 46.2933 243.182 211.931 244.157 494.511 254.239 208.847 347.574 73.6267 58.2407 394.37 475.788 484.14 201.457 313.448 196.542 208.105 274.99 376.843 96.1721 327.197 456.236 7.64929 230.258 236.001 379.006 116.885 94.5186 220.66 326.165 32.7802 128.522 418.15 229.162 45.7507 116.855 133.263 373.183 80.5901 379.836 196.984 
182.162 61.709 193.705 118.623 251.027 379.783 248.873 164.372 281.086 289.062 53.5998 263.505 231.351 136.176 210.598 445.044 349.638 498.338 146.587 361.941 489.737 457.373 386.516 211.197 279.699 432.958 385.858 276.453 494.189 53.5226 203.812 386.031 259.604 410.032 489.105 143.537 132.123 125.959 317.077 160.515 92.9915 51.2552 10.5584 377.981 92.8654 251.265 422.295 159.304 54.5335 184.015 
476.564 352.096 480.752 430.481 337.872 150.139 104.752 361.643 293.852 460.089 321.379 58.8333 204.519 87.4189 8.41857 380.43 79.3036 449.527 374.107 189.581 213.341 151.325 152.877 45.1606 204.386 314.779 260.41 124.057 249.058 379.539 25.5136 128.23 242.952 266.055 210.644 312.505 111.791 256.335 396.241 447.88 30.9771 175.027 272.356 383.121 305.296 251.393 118.736 281.265 18.7335 498.367 
454.344 264.365 454.581 214.867 351.768 242.228 52.5891 327.737 261.553 218.342 389.701 220.049 277.068 96.2611 227.167 143.809 420.237 236.026 162.849 55.6337 424.34 83.3665 205.31 11.6795 24.8294 221.311 108.584 230.389 424.175 411.941 45.6106 465.086 383.535 368.724 239.949 144.016 435.257 220.321 135.725 345.991 46.5785 479.289 321.696 190.589 133.903 200.748 208.167 277.74 304.003 167.129 
422.952 367.715 438.981 18.4996 414.365 274.546 210.494 169.119 52.6975 326.411 27.849 465.058 293.462 331.54 495.392 128.054 261.647 192.59 96.7183 329.478 490.813 111.291 435.279 114.69 49.2824 418.993 148.923 386.523 389.964 145.664 499.648 478.517 304.002 473.403 104.355 88.8099 265.821 371.595 66.8586 486.619 490.404 203.955 157.332 168.669 23.4897 436.934 83.1009 255.167 190.018 477.066 
43.9449 497.275 130.836 309.482 480.247 175.837 107.802 277.644 269.034 76.4545 217.64 321.526 144.028 113.042 277.932 318.23 267.96 346.83 110.806 426.771 129.751 382.788 326.705 302.668 240.643 67.2882 63.3539 396.402 251.468 252.019 327.396 193.386 208.567 423.056 221.736 6.31077 214.078 387.027 20.4869 331.396 121.513 248.528 70.1029 187.921 369.016 416.066 208.056 348.427 266.062 400.192 
465.062 195.343 395.553 62.0302 49.5603 26.2079 148.423 305.83 167.14 356.535 467.01 128.14 32.8036 86.9642 392.72 228.062 456.739 50.2666 296.81 167.743 160.97 87.0254 65.341 440.068 33.8031 449.105 416.243 385.328 66.7775 221.795 179.205 110.798 175.196 467.7 14.2166 453.3 95.2499 495.285 361.326 107.543 83.3418 276.135 240.25 31.7319 158.278 361.821 17.7196 315.676 382.419 239.544 
430.064 496.599 328.133 146.038 158.854 213.407 491.892 89.3495 448.631 453.646 30.7503 152.66 473.407 296.696 344.095 348.828 426.625 136.141 163.033 232.958 79.2824 205.294 462.28 156.274 310.002 411.976 447.573 156.629 147.01 317.583 326.433 311.009 364.944 382.126 109.998 223.44 117.918 442.03 338.74 331.975 399.146 441.877 191.175 256.586 407.186 249.226 459.37 306.967 288.943 166.215 
484.513 104.458 13.031 346.282 447.254 269.855 184.295 131.761 64.0149 213.521 60.9897 31.3254 357.533 239.73 174.841 160.837 147.893 279.371 449.997 18.3575 405.798 377.801 105.233 405.202 364.631 313.057 277.473 236.436 140.218 35.7036 83.9144 269.649 22.0488 236.637 160.71 454.877 50.6984 153.179 157.096 324.996 282.154 115.554 222.861 468.076 318.535 251.353 250.989 111.989 42.2388 356.423 
