248.563 446.801 108.692 484.864 161.555 57.5014 79.9929 231.203 409.219 102.398 267.322 37.9549 79.0197 14.5605 298.657 37.5672 399.803 234.742 20.2979 217.293 24.2968 179.516 489.002 10.6219 60.5099 334.539 70.3552 343.669 135.647 175.51 432.966 42.2867 328.875 156.173 391.671 134.125 263.561 297.436 188.696 225.592 439.26 160.776 297.879 234.946 323.311 61.7599 273.402 52.1933 48.4915 371.417 
32.164 494.529 92.9912 332.109 275.827 46.6844 171.81 204.779 310.65 177.09 420.366 68.1722 94.7531 88.3312 119.526 178.251 48.6328 371.899 85.3801 153.994 45.7479 298.732 16.3607 262.928 389.601 130.594 463.621 32.3414 407.157 117.995 109.236 203.945 357.439 145.333 303.907 229.231 123.74 254.484 38.1301 173.465 62.1371 98.1008 151.437 238.762 109.149 248.333 151.473 15.4017 299.739 276.917 
282.723 427.713 306.116 311.563 404.925 240.162 471.157 482.856 389.486 495.504 270.275 278.487 12.5775 489.019 409.927 349.698 479.907 197.138 182.46 99.2538 407.958 158.869 366.725 151.562 297.838 143.795 47.2859 277.609 214.924 482.374 290.416 211.437 454.159 278.511 108.362 418.649 355.969 457.724 221.348 392.377 12.8211 205.776 236.98 49.9346 196.867 211.884 128.65 19.3723 73.9721 17.1576 
351.289 285.217 464.002 476.115 162.906 22.4476 313.855 320.087 27.4176 431.93 126.485 102.202 374.318 493.337 114.634 308.516 297.839 361.819 235.098 450.078 62.7817 140.772 275.694 450.233 352.887 345.563 383.586 251.797 88.2858 132.198 451.03 246.329 491.824 31.4914 348.568 120.997 257.109 394.725 369.631 12.9487 27.9545 399.343 376.29 331.512 434.284 18.53 51.2759 168.693 150.378 330.845 
152.594 61.7151 453.119 350.157 275.188 29.9612 83.0326 449.971 84.0947 429.194 281.368 261.965 249.749 362.43 88.9013 149.136 449.694 166.791 267.835 483.048 32.7958 29.8453 408.548 30.9134 128.522 9.50517 110.534 423.828 328.434 30.0498 66.4685 382.392 445.699 248.083 219.078 398.09 211.731 14.8968 207.645 112.413 100.772 205.112 403.753 74.4001 185.678 12.3646 223.681 115.634 175.897 420.263 
176.53 465.466 74.8851 466.074 54.9379 376.384 103.003 298.239 151.913 261.282 167.296 260.974 322.591 249.968 18.3722 497.402 301.674 436.283 110.158 180.648 250.92 335.679 122.52 167.034 152.252 191.142 229.139 151.846 249.359 441.182 307.906 162.455 384.131 351.981 453.876 253.753 485.408 433.754 95.8819 410.902 219.964 299.16 451.198 23.8491 116.417 377.621 250.953 410.537 438.209 349.098 
120.014 445.902 255.721 405.042 396.051 17.9399 499.587 349.585 497.972 320.071 283.185 254.722 285.57 419.711 288.351 240.07 115.26 48.4548 388.189 191.442 411.194 345.055 44.9781 41.0245 8.76635 247.696 216.619 435.694 278.193 51.5166 307.523 219.734 283.477 224.176 240.353 111.64 398.745 381.828 493.978 259.972 79.8416 444.08 68.1207 321.37 27.4968 203.357 210.344 187.606 228.379 278.732 
479.715 22.0101 118.548 386.904 453.066 248.517 20.8313 376.546 212.449 459.83 277.468 230.684 338.01 54.2577 65.8722 318.192 419.441 39.1342 247.452 175.546 288.543 315.519 408.725 377.891 434.601 432.689 262.068 168.577 261.092 465.407 56.5197 52.1652 43.9149 110.338 271.337 494.712 295.035 90.603 292.634 471.571 43.9463 265.089 269.018 19.5472 85.7793 154.555 16.2891 17.7642 328.282 332.809 
40.8533 59.3208 464.464 191.172 425.244 348.59 421.208 439.247 458.528 134.199 362.429 323.528 361.741 496.222 184.701 418.068 112.004 301.206 41.6084 335.918 480.249 468.707 333.961 278.427 392.681 419.846 313.004 384.371 32.848 212.379 42.5529 219.502 457.706 428.591 280.936 167.432 51.958 278.493 171.436 11.2307 470.147 19.565 293.211 413.221 480.273 388.916 59.238 335.058 199.335 139.08 
96.8443 33.3033 49.6904 52.0513 403.897 424.376 180.884 193.762 278.069 390.17 298.466 15.2626 316.43 287.182 221.863 139.015 336.606 173.465 124.491 87.8317 233.646 88.737 296.12 188.199 234.891 54.5924 259.695 321.588 498.271 18.3896 281.106 472.974 64.4874 313.158 255.119 40.4167 470.252 391.217 358.457 311.333 445.85 295.099 220.971 186.452 230.932 484.099 259.057 472.412 196.684 123.349 
133.042 340.195 294.4 198.41 218.347 478.074 469.214 394.143 88.7582 128.904 258.815 66.7719 224.377 198.739 495.703 73.1792 342.736 467.886 48.4144 324.599 57.6329 262.085 282.997 12.7352 444.671 462.05 459.01 74.2946 66.8813 426.511 9.73672 241.565 392.2 301.96 395.412 266.615 132.727 265.467 199.083 303.231 214.912 71.0614 400.007 425.393 294.736 285.443 220.223 92.8061 64.3749 345.856 
371.622 138.947 97.9699 344.302 278.287 413.303 103.718 232.212 464.686 157.704 422.49 453.77 311.621 420.003 264.686 421.928 329.659 62.5156 353.046 472.976 380.179 12.3252 306.405 61.82 97.663 429.976 113.458 162.17 155.478 477.626 62.5273 10.3316 47.9142 26.111 312.156 401.346 315.261 41.7991 196.047 168.075 35.909 123.661 209.363 333.748 23.3332 403.452 272.14 296.647 353.999 380.925 
471.493 333.651 171.456 485.723 69.813 394.967 348.136 196.407 499.199 169.185 178.713 38.6878 493.124 446.449 463.526 409.679 325.295 283.059 345.601 25.3786 368.955 57.0129 63.0821 11.8212 318.732 98.1631 211.558 80.7294 385.923 460.213 306.966 58.1251 416.468 235.403 487.548 66.9623 207.645 379.232 145.945 340.183 383.072 299.398 459.932 76.666 286.67 13.4058 388.958 196.017 152.008 273.44 
385.516 419.527 174.268 66.6431 6.3367 364.795 489.699 420.036 468.935 373.908 345.285 301.474 77.4575 118.248 404.664 313.439 138.42 293.015 420.483 70.8193 266.158 230.56 141.542 101.094 324.724 387.304 20.9156 397.946 466.732 356.325 219.394 243.093 360.487 498.218 81.9618 118.146 276.563 466.446 358.872 299.408 232.819 244.844 5.51551 14.0433 249 306.931 196.012 129.369 143.707 400.044 
18.552 43.9828 59.1168 171.882 18.1237 225.409 84.4859 121.505 487.066 426.738 79.531 257.241 29.7387 384.226 258.406 156.267 233.015 304.164 487.771 30.8083 357.265 119.1 79.4482 490.947 75.5596 123.665 142.794 151.057 361.816 263.791 171.764 157.883 252.274 212.216 298.925 55.9211 488.373 484.72 123.237 284.414 14.7834 170 433.36 116.693 291.352 162.612 260.486 229.881 226.389 318.884 
462.279 339.587 349.388 394.163 389.872 372.683 134.89 238.955 85.3695 42.6449 266.469 123.348 390.54 380.641 319.807 23.5372 323.394 330.071 414.843 354.106 328.278 333.211 256.394 275.617 286.029 82.9453 105.546 157.67 378.492 431.708 216.018 314.302 113.985 262.29 487.017 36.3225 470.195 132.609 370.572 454.998 196.608 218.769 132.902 78.2664 484.058 163.75 50.0813 39.3173 247.455 353.04 
10.3478 151.914 419.983 378.6 480.553 295.924 430.296 479.573 228.472 385.803 420.91 374.616 421.52 494.525 305.351 37.6986 141.876 129.073 15.2468 133.359 108.57 125.247 294.271 139.866 487.264 371.324 177.619 109.933 46.5747 203.072 86.4914 335.975 431.398 174.644 285.849 407.804 384.929 269.276 97.0093 29.9445 6.08137 272.808 210.233 110.471 347.128 385.466 114.055 42.5931 29.669 216.482 
314.11 42.1352 241.042 149.294 498.009 435.717 41.2976 451.534 482.714 238.26 471.273 260.344 334.46 445.476 304.988 38.502 13.1328 394.094 378.839 205.471 413.246 401.144 495.898 171.713 428.758 6.22569 411.038 419.393 206.322 439.704 448.946 390.207 241.78 373.897 119.5 249.006 456.946 30.2968 18.7114 85.6033 248.084 496.892 152.538 448.013 19.0823 328.52 277.134 73.3937 52.8906 380.631 
86.7454 14.5227 392.839 355.762 142.054 413.414 144.889 398.711 272.629 262.046 263.43 184.11 112.255 483.52 212.917 481.569 404.36 128.496 80.8896 114.552 335.33 106.239 489.848 180.288 42.2374 87.7473 187.509 374.24 118.277 301.169 89.2087 302.353 111.205 358.202 349.875 127.401 362.927 357.252 103.213 366.246 24.4249 37.672 344.704 168.717 218.424 170.311 253.255 434.257 125.553 189.19 
136.561 142.976 389.572 428.606 156.694 408.542 81.6617 241.509 229.481 86.9914 490.171 250.521 332.45 272.664 124.47 107.002 376.86 93.1003 432.717 181.393 151.791 482.685 359.931 265.769 108.729 231.475 475.071 431.901 489.993 158.598 234.766 441.739 461.741 27.916 19.8878 198.734 143.166 332.762 474.559 440.814 248.378 412.687 496.753 229.358 416.356 276.235 308.029 14.5718 381.156 72.257 
111.641 367.592 109.765 392.511 483.137 378.197 194.523 255.316 364.52 14.9921 20.693 361.846 465.184 54.3276 153.932 248.627 289.104 201.536 44.6057 414.253 107.536 108.608 472.223 372.708 336.477 85.4256 485.472 407.095 242.643 171.993 367.783 260.739 411.943 122.719 288.441 409.389 309.743 353.655 453.858 346.415 384.173 469.853 404.373 14.6041 204.346 360.255 213.534 334.273 6.31817 185.801 
80.0586 472.121 103.792 134.546 396.823 264.314 406.432 306.457 221.193 37.8436 399.735 195.192 496.221 314.35 377.426 323.651 271.364 151.545 58.1805 115.716 345.549 466.397 16.2098 224.325 99.8967 83.6176 405.177 217.392 353.044 108.975 39.0355 98.3809 410.272 23.275 471.048 179.551 265.054 156.84 237.688 74.9091 393.55 31.0208 233.906 200.597 234.088 164.463 312.634 312.73 25.193 149.589 
197.974 251.715 99.5641 491.895 91.3237 251.23 153.49 18.9979 125.178 474.842 207.167 442.89 297.714 435.714 377.753 11.6201 12.6367 460.603 167.938 116.282 320.182 36.1484 438.202 296.999 256.446 412.446 467.905 379.264 470.956 330.685 473.27 125.223 294.232 488.333 308.089 371.593 166.196 432.127 276.626 43.3004 128.722 13.1075 404.955 349.886 104.199 234.254 403.431 167.397 291.191 138.633 
299.328 25.8023 456.313 270.666 412.401 263.14 306.433 392.561 132.586 15.1738 372.114 160.036 258.752 220.21 419.682 151.708 390.828 340.309 47.6106 309.689 388.054 339.809 14.2174 378.064 135.152 258.938 78.2928 347.036 131.156 160.578 352.474 331.323 45.3535 452.93 498.143 110.299 49.888 77.5023 471.483 137.374 400.002 255.737 491.388 305.769 452.743 121.139 204.181 93.8541 270.52 112.791 
204.848 168 483.931 173.706 207.597 439.644 8.6225 368.39 183.383 15.3309 98.3932 292.864 457.03 104.289 170.883 196.771 263.046 227.445 486.267 181.398 129.022 86.4424 307.215 495.166 388.159 201.034 468.608 201.865 79.3696 496.2 89.796 233.886 468.056 433.677 392.542 214.538 198.772 193.756 493.323 232.139 447.021 187.431 206.322 454.368 211.138 205.058 452.977 215.293 131.911 11.902 
10.1413 38.8333 130.365 381.866 291.279 124.936 189.087 446.714 430.65 391.538 478.662 239.539 490.34 150.958 113.524 388.627 59.062 208.523 494.12 311.983 374.441 315.094 335.407 13.9844 145.696 468.069 490.892 46.7121 298.498 329.129 432.589 204.279 5.3034 209.586 203.111 363.161 69.1083 487.517 265.544 163.037 35.1367 338.851 175.276 256.039 226.74 274.12 343.263 440.112 396.932 54.9519 
418.422 330.048 5.81894 62.3601 340.579 279.48 142.965 89.5658 468.161 336.46 319.36 237.093 322.248 284.465 165.825 231.559 456.876 364.003 147.504 393.251 74.9472 132.068 194.214 395.033 254.164 370.593 153.501 234.381 436.194 472.863 114.882 57.6529 8.01789 335.375 444.068 212.157 282.052 48.231 60.7048 64.0894 57.2679 330.184 284.277 5.49825 105.114 363.724 302.972 19.4686 483.57 367.958 
135.282 216.978 10.9404 350.135 388.922 430.377 264.132 439.208 143.001 175.383 434.806 384.203 321.658 43.4111 218.293 348.248 170.471 196.275 427.596 296.56 175.845 111.311 94.6509 48.29 406.188 434.13 74.9774 450.233 115.902 89.9122 184.744 109.208 176.522 146 233.232 256.029 379.005 329.887 324.808 364.316 27.6905 392.464 126.2 388.808 54.485 112.114 471.096 299.007 289.49 469.537 
156.331 204.182 155.823 323.208 240.633 366.234 411.736 78.7284 381.321 308.792 98.0959 166.072 321.172 450.506 88.1074 329.672 302.752 454.496 285.659 353.236 392.014 262.161 335.68 443.756 207.48 253.288 162.582 205.449 266.851 459.64 18.5449 184.326 214.553 148.912 317.84 179.817 469.831 118.785 475.67 108.424 370.313 183.744 119.315 402.517 114.82 169.239 351.881 392.468 488.4 183.924 
80.7035 333.167 284.87 496.328 297.817 439.249 354.188 66.5407 62.1278 152.379 453.764 91.9579 239.356 14.182 325.435 337.228 288.132 489.35 109.526 81.833 462.163 111.652 33.6716 492.23 476.29 163.793 117.937 193.935 89.4057 432.402 402.142 251.364 260.971 416.785 186.135 227.464 296.721 385.653 384.144 200.724 43.208 158.008 274.046 165.315 182.514 456.086 496.135 91.4322 81.5153 437.903 
365.094 262.433 194.472 214.3 283.3 138.621 349.607 471.587 72.863 111.087 404.347 464.488 173.217 499.295 387.23 383.662 128.209 285.917 237.398 310.78 100.074 296.507 248.028 344.18 374.762 457.35 485.787 379.256 250.724 121.173 399.768 42.1266 79.5043 436.041 308.284 12.276 38.692 107.841 350.642 91.5827 441.677 47.968 406.793 7.56226 152.15 71.2084 113.628 118.736 141.374 448.881 
20.4073 326.317 101.449 350.714 337.06 332.641 153.318 421.139 263.285 442.156 227.785 259.599 173.768 38.2341 257.523 416.693 309.848 389.416 248.172 448.377 454.974 360.681 357.111 32.057 396.371 438.369 70.5982 13.7368 458.207 343.111 333.183 69.2284 379.809 492.322 168.557 164.64 496.548 488.777 136.986 172.605 479.801 246.078 34.4619 179.572 404.795 415.699 313.622 284.829 214.929 446.771 
492.954 411.471 214.86 313.116 176.679 22.897 165.875 268.435 461.584 403.998 483.084 43.6074 169.404 216.078 340.015 164.201 421.907 284.43 442.632 251.86 366.125 144.443 219.676 306.191 398.952 400.212 459.949 342.332 444.452 361.92 83.0831 321.577 219.585 30.4047 488.161 206.502 288.14 54.0594 373.693 41.1009 304.006 62.4786 187.626 9.79701 17.0724 184.896 243.303 350.219 141.848 495.644 
26.4827 76.0307 498.965 320.92 228.683 325.091 26.1584 293.669 441.804 258.096 352.87 105.221 5.52275 393.625 432.116 225.54 303.124 420.597 317.714 416.826 419.178 461.914 488.654 75.2707 343.287 328.406 139.043 176.498 80.254 454.644 476.421 358.003 474.546 347.638 200.026 152.153 98.8382 121.702 128.142 88.1043 378.309 481.109 257.233 338.795 212.876 168.261 104.339 369.399 393.461 468.313 
70.653 333.114 405.627 118.364 98.1312 252.961 411.474 263.237 192.543 301.447 328.086 329.387 325.003 203.565 282.302 381.646 232.734 47.2433 197.377 165.891 360.384 51.9087 131.558 442.749 466.894 454.761 188.586 353.204 97.088 288.497 325.123 322.414 405.957 417.642 47.4244 309.554 227.52 25.6576 7.40877 201.429 408.968 66.5316 181.394 370.784 26.2265 353.023 452.356 51.8478 400.323 173.565 
57.9819 460.932 420.693 327.25 60.6778 128.678 479.597 280.553 148.008 283.691 475.267 156.265 382.129 397.527 169.638 277.762 199.661 267.799 376.826 331.579 139.857 305.594 392.77 430.238 233.227 182.668 204.331 435.082 352.326 192.626 288.327 273.211 127.267 186.095 97.6433 467.235 86.8564 330.653 27.9148 222.542 268.165 400.522 254.701 30.9361 236.266 313.503 382.155 63.8853 210.803 319.006 
299.684 475.228 298.753 214.432 15.856 423.426 361.846 228.96 110.142 442.229 414.234 80.5037 351.913 160.233 61.4528 265.524 431.315 53.6529 416.667 494.462 233.169 91.3087 316.005 97.94 68.2681 270.492 254.804 339.095 330.54 169.024 220.653 148.924 156.873 289.991 213.562 340.702 129.637 487.627 358.932 299.294 58.5579 358.429 259.02 313.511 16.0442 308.4 60.5376 495.716 445.056 191.405 
343.56 246.977 439.107 468.308 426.844 33.622 105.564 477.919 401.046 87.4969 148.804 220.071 144.174 85.518 72.7617 481.657 313.728 238.914 40.0258 39.6989 344.237 80.8756 400.949 87.6392 484.065 485.981 368.986 48.5843 64.6166 51.0333 471.617 27.3606 127.74 375.1 403.874 243.105 148.783 123.717 385.881 439.131 214.799 58.2966 154.758 251.453 277.74 471.041 366.682 320.87 415.2 470.362 
175.956 408.016 143.423 213.386 281.024 166.731 191.372 34.0649 244.234 304.862 297.515 357.865 78.2742 72.7184 276.706 216.36 196.775 286.929 346.957 342.586 405.139 336.889 427.199 330.729 159.824 225.671 303.665 218.358 271.01 269.35 134.344 254.363 26.698 427.378 489.191 311.358 423.756 23.1851 54.8803 333.952 272.799 151.293 41.6151 486.314 164.988 187.129 377.453 319.552 432.976 489.693 
160.838 296.13 440.208 240.215 378.647 433.611 286.888 359.27 168.578 281.94 9.22077 92.9921 235.944 266.236 362.468 105.931 235.023 355.161 390.194 370.656 455.079 311.825 424.961 411.765 35.2931 327.264 455.795 496.94 408.778 44.6 419.486 158.054 136.311 177.097 294.453 418.782 12.3089 160.479 327.832 355.761 31.0299 29.8904 5.06009 332.897 70.6311 302.299 55.149 159.9 217.881 126.459 
368.687 386.116 233.728 413.196 110.922 348.06 280 177.127 89.0714 101.297 310.162 413.732 351.201 12.2884 306.455 132.327 347.735 138.485 101.769 281.14 367.566 28.3151 433.944 140.392 491.117 114.759 315.253 66.3679 73.7563 76.8175 485.009 284.818 353.909 472.027 52.4029 357.075 472.726 296.373 492.139 365.588 394.431 252.21 40.3947 377.775 334.312 469.723 97.824 145.991 131.397 382.455 
341.89 213.35 475.389 275.543 492.844 391.155 51.68 375.983 280.647 477.567 240.013 266.515 324.038 377.56 293.435 463.536 46.1219 462.802 220.829 492.954 397.764 58.3282 395.407 473.822 285.446 425.112 402.685 482.45 119.944 85.8116 247.559 50.1789 276.943 336.707 65.5574 482.573 495.927 430.641 77.9102 476.055 92.8866 388.787 51.3799 5.2646 435.306 152.313 44.9464 100.19 43.1071 274.654 
236.271 155.351 241.584 277.066 108.656 209.121 405.159 203.4 310.099 473.92 192.525 256.262 14.1868 211.567 386.357 118.611 35.9548 270.99 326.919 225.669 249.435 182.578 193.873 107.592 340.594 331.4 462.562 255.56 139.635 108.992 130.072 80.523 464.248 450.778 175.538 355.325 468.932 309.943 29.9053 222.248 118.997 410.927 275.764 307.403 190.029 110.218 190.844 239.972 106.275 395.361 
76.1701 329.631 5.32557 429.788 56.6665 23.4218 26.4567 188.875 444.643 26.8951 339.833 43.0086 485.779 366.46 83.4207 48.7367 113.675 231.776 166.959 422.318 341.325 233.821 219.879 322.743 52.4373 483.984 251.994 263.735 374.053 252.913 19.6842 219.897 303.185 343.643 201.951 141.957 27.2087 350.75 284.591 156.81 475.254 294.995 99.5344 12.2747 368.71 355.75 288.132 230.691 459.295 242.909 
145.291 306.812 455.842 64.1113 6.04088 61.3477 433.014 35.7767 139.612 97.1023 330.564 164.275 228.507 201.429 351.26 24.6757 166.088 273.283 230.3 447.639 64.8568 113.896 380.222 21.5887 49.1403 90.8653 202.105 108.524 122.788 140.677 311.571 13.6545 192.133 38.4852 430.5 60.0841 322.304 479.42 352.436 252.501 403.494 246.422 133.589 340.066 304.638 188.962 91.119 308.659 243.903 182.525 
320.846 124.282 360.113 207.045 154.678 162.018 317.077 164.162 491.918 217.954 294.397 187.666 130.563 142.884 493.501 232.32 344.506 125.634 305.369 124.679 102.048 119.343 29.2935 225.26 33.1987 117.867 472.47 330.839 56.8918 50.0005 69.7271 328.473 393.24 286.173 470.981 250.858 400.569 278.2 312.922 470.214 204.916 482.588 301.177 473.68 139.68 80.3646 319.091 16.1488 414.629 256.764 
112.92 265.678 73.5092 165.038 69.9779 250.339 321.417 410.243 19.2128 354.829 45.9013 239.782 65.6428 18.4541 73.5198 299.707 140.415 246.023 320.35 425.511 129.894 88.9739 251.012 227.538 461.745 121.544 231.874 206.98 312.251 142.157 430.526 330.035 39.9241 477.939 120.531 464.599 383.424 355.132 223.896 313.213 494.34 169.411 402.221 164.211 455.603 325.002 150.155 369.858 446.571 92.1973 
463.749 418.827 402.958 66.5708 29.6326 456.142 106.811 125.044 394.817 222.785 431.067 67.4656 332.504 479.449 274.725 17.0224 207.486 186.472 480.839 381.201 268.214 21.6515 384.993 225.614 56.2287 121.67 100.475 228.391 443.086 218.67 23.7944 345.314 445.987 395.178 367.23 69.0226 175.395 36.3943 294.599 469.403 314.8 185.07 96.0842 489.596 103.215 480.039 282.83 396.355 302.38 461.288 
308.695 199.923 388.882 492.424 498.971 146.415 334.524 264.939 351.231 474.081 252.179 106.223 306.594 347.316 372.343 417.997 140.297 330.531 418.668 9.6112 44.7461 233.138 264.736 398.681 23.2516 257.349 282.119 313.17 121.138 128.474 135.424 114.107 97.7802 132.933 17.1337 407.937 462.127 88.782 132.27 416.054 94.2745 5.38285 150.896 85.8296 99.6967 332.372 486.568 212.873 275.942 190.598 
124.255 323.66 480.859 114.05 147.084 152.209 34.6855 249.067 253.789 83.04 112.652 315.428 261.009 31.1642 278.807 385.26 276.794 342.16 465.647 249.291 462.954 455.64 212.78 75.8632 88.0773 457.172 203.509 272.105 361.24 291.134 134.255 329.269 226.484 74.9517 17.2045 144.404 415.723 82.0165 11.2288 48.886 178.345 250.424 458.471 218.187 358.16 389.14 285.658 392.199 444.224 463.27 
