425.312 486.654 460.553 270.935 25.691 326.643 396.326 480.466 342.99 129.724 331.722 295.777 314.481 299.789 124.993 103.517 72.9472 195.971 276.855 29.303 344.865 277.179 296.691 291.584 220.263 462.31 253.533 372.085 58.8403 16.6967 141.927 58.4936 31.3405 393.864 68.3636 76.6932 111.165 74.535 358.99 485.829 138.639 273.034 189.991 452.108 107.19 477.796 333.394 249.54 257.974 378.635 
166.705 253.383 196.457 249.92 17.859 314.224 463.502 304.274 29.2933 301.072 413.686 111.998 72.7529 227.359 62.4581 386.411 268.666 150.347 452.139 473.254 343.827 297.208 493.968 14.2954 125.226 63.0852 266.998 460.997 434.544 9.48388 330.894 59.0503 168.645 17.6634 72.3761 146.901 472.204 163.318 342.04 302.576 258.167 190.087 40.9754 292.981 331.939 468.65 215.294 414.673 493.144 243.194 
184.007 376.056 13.3045 160.19 355.92 334.452 58.6404 277.29 57.9316 442.535 257.505 198.408 130.474 319.402 394.559 455.224 390.702 317.495 319.607 310.136 392.101 32.8047 174.347 319.309 431.548 276.622 497.154 85.3426 357.809 20.659 306.012 336.156 499.397 476.958 117.21 215.388 434.001 162.108 260.788 467.421 156.634 7.04313 275.886 258.79 126.734 220.867 223.778 401.743 179.936 465.763 
177.823 112.562 222.692 369.962 359.205 317.094 330.149 167.736 79.0005 19.7402 461.599 91.472 82.9506 222.085 7.83304 65.9134 33.5388 256.069 97.2878 100.737 325.826 397.923 230.724 32.1292 484.919 474.113 442.082 73.2532 398.272 305.006 481.776 471.071 368.675 487.291 49.1542 342.844 433.818 83.9967 50.6811 159.758 486.445 121.359 384.936 217.12 311.17 255.569 199.609 198.651 470.718 476.296 
249.052 427.047 22.1837 467.363 186.531 101.58 86.5941 379.346 164.987 399.545 165.891 115.777 357.774 385.557 243.905 479.516 17.0781 391.393 8.30402 449.23 68.9767 134.347 293.187 498.259 477.939 462.622 317.109 187.1 97.0311 258.468 271.952 368.669 365.398 268.811 270.521 427.64 409.397 374.131 394.19 342.662 410.301 110.288 389.821 483.519 253.649 434.403 164.906 383.434 16.571 286.24 
131.542 348.598 446.472 235.774 190.629 108.559 297.804 316.38 391.128 16.4775 32.0992 93.9746 142.491 468.34 138.346 170.795 402.914 181.338 137.631 100.923 214.799 284.872 453.99 369.832 125.695 362.415 267.948 39.217 336.625 59.9804 427.208 478.359 170.86 312.946 216.597 119.623 351.784 164.712 346.492 218.428 111.142 22.4549 131.711 476.22 198.827 356.638 472.535 472.189 202.286 158.81 
15.3276 7.9681 65.7778 469.224 346.489 290.324 286.808 389.599 125.342 263.541 239.117 321.509 37.2226 217.78 247.563 488.646 139.616 207.215 409.305 170.395 21.592 349.939 60.7255 192.087 134.435 217.526 62.4082 290.614 276.89 160.764 487.453 483.794 133.634 164.362 62.818 492.888 47.7093 68.4353 499.705 309.253 129.009 120.231 184.339 75.3175 304.62 217.146 243.194 289.747 361.952 209.882 
100.611 36.7107 152.567 433.886 104.871 435.537 91.5478 13.3051 481.809 409.687 12.5143 144.719 88.0513 491.716 98.9658 182.704 49.4034 88.1917 451.829 262.856 23.5472 96.4955 59.1822 462.245 320.756 104.811 380.264 42.4148 155.963 108.458 377.726 217.624 127.081 129.955 84.6366 267.77 108.269 20.8877 154.653 230.845 92.1026 194.765 381.095 144.876 429.165 34.9313 350.133 376.287 336.562 58.505 
355.605 179.211 330.651 417.741 387.978 390.937 295.337 95.3941 417.235 458.096 381.63 42.9156 13.3508 436.318 464.801 17.5656 71.7382 419.13 341.081 277.308 492.387 94.0907 416.866 48.2905 423.652 121.552 315.034 374.187 352.067 81.4291 320.992 427.023 448.628 108.351 419.137 403.838 458.605 457.804 7.97276 321.096 228.155 95.317 330.71 138.642 157.536 54.7843 152.019 231.805 86.7772 21.9118 
482.67 303.185 269.081 72.3507 236.836 379.577 201.89 272.251 61.5458 364.072 300.718 473.773 482.102 15.6092 98.0885 488.79 457.305 80.6849 388.736 270.923 110.866 41.2182 137.003 40.6217 466.155 71.1672 409.526 479.87 213.873 252.125 328.085 25.6689 179.585 162.48 13.155 275.069 400.921 305.977 130.963 144.404 49.1588 256.015 121.545 227.758 292.284 436.723 228.882 436.963 357.474 467.094 
261.659 167.832 238.561 393.699 215.027 465.477 429.406 84.9589 352.762 215.121 112.857 133.874 204.489 181.881 333.335 122.682 393.041 477.314 375.699 330.487 406.439 257.317 190.691 224.028 153.086 66.4239 478.403 163.72 43.8883 490.801 185.999 31.2942 298.655 52.4305 486.632 137.691 408.879 139.296 147.065 118.749 162.962 178.768 252.538 233.022 50.1483 59.8033 435.431 386.231 152.384 122.258 
249.736 255.285 298.731 382.456 486.998 223.227 121.891 476.317 203.929 96.6111 193.42 117.087 365.886 29.4634 242.373 54.852 351.147 102.471 132.35 188.465 7.63873 22.826 252.399 448.127 284.81 368.013 460.947 325.105 98.3803 255.199 233.089 74.8768 130.785 479.392 130.558 86.9262 339.779 404.279 267.916 201.86 339.196 318.738 21.3043 188.744 36.3673 410.193 279.814 32.578 486.882 427.094 
168.854 420.118 323.541 60.9909 437.911 499.708 452.27 180.689 474.613 176.146 460.663 153.492 388.735 37.9347 426.136 456.66 18.9525 81.1541 189.446 468.394 499.277 309.184 270.203 359.054 346.689 333.344 75.2964 105.202 329.54 389.227 440.384 452.43 326.347 447.448 417.846 216.478 436.142 344.384 302.19 140.416 474.827 52.1441 9.99345 6.62323 305.143 491.363 474.649 463.359 163.494 438.688 
117.752 435.253 174.374 410.001 13.4323 306.683 414.513 376.388 321.419 433.363 269.358 443.179 371.607 415.701 53.7019 432.775 66.7665 284.297 412.24 465.792 178.19 462.819 195.735 361.764 50.4465 217.869 288.418 258.815 370.857 424.449 389.979 211.358 91.3995 333.007 318.144 169.244 279.16 364.954 490.25 440.23 432.89 387.83 490.108 447.842 480.514 466.383 29.4504 414.883 499.12 425.306 
442.956 391.303 411.293 255.431 114.334 287.731 301.669 337.46 16.6953 325.268 241.913 415.767 428.574 368.152 54.1373 144.87 121.247 29.4034 115.852 50.9482 16.824 472.221 139.741 310.738 101.008 396.771 448.56 82.4685 267.049 365.633 340.054 442.3 280.984 305.837 457.25 165.613 125.028 105.596 319.685 328.404 375.049 484.985 479.264 53.4102 187.872 36.4586 470.749 387.488 183.655 353.655 
457.501 267.406 405.074 180.108 429.125 103.245 477.421 416.028 22.0044 293.083 365.914 420.79 424.738 15.8462 345.549 86.6184 328.209 467.54 27.3372 387.333 450.981 285.121 238.725 435.621 488.971 419.646 452.162 122.254 192.379 216.043 316.237 187.156 260.187 43.0829 228.07 77.0143 341.893 137.399 131.483 16.8308 284.347 424.755 483.639 415.308 97.7932 370.088 448.455 23.0143 400.224 165.718 
354.863 306.463 7.66968 175.311 241.175 422.085 273.845 98.2751 375.318 269.653 24.2965 418.397 60.977 301.025 268.79 498.813 487.677 225.501 427.667 269.361 78.5307 446.385 248.454 98.8363 304.747 247.41 304.68 471.67 314.496 290.557 400.177 313.273 241.345 106.654 278.235 183.508 152.277 398.622 456.222 390.64 490.983 44.5975 401.469 407.981 198.408 457.225 119.456 479.316 116.681 480.218 
315.509 110.663 18.2244 209.001 429.125 456.709 237.133 423.604 155.018 109.347 212.81 260.313 421.349 234.183 483.098 141.392 19.6942 452.865 438.834 399.75 197.115 366.028 428.49 38.8661 70.107 288.874 449.716 495.884 142.399 178.345 314.322 244.311 178.826 214.934 66.8791 196.501 66.9557 232.944 389.527 8.66794 141.375 250.608 165.23 18.4829 28.9759 406.177 337.942 84.5958 336.298 479.334 
493.078 68.4594 345.583 307.396 20.7129 56.9602 498.609 292.164 168.38 14.2001 195.925 58.8069 138.728 96.264 379.802 5.83158 94.5931 497.291 311.619 420.016 441.734 376.954 397.017 290.407 252.962 237.343 429.043 448.593 46.8848 477.436 495.834 232.937 287.239 243.457 175.052 427.681 39.031 169.875 472.133 202.455 487.381 158.03 271.3 94.909 328.775 143.323 300.155 122.782 343.902 354.604 
246.867 458.599 294.608 50.3341 469.676 105.371 98.2342 98.9026 81.0831 31.0258 465.308 126.758 316.743 291.232 334.693 217.53 303.743 24.3801 128.296 51.7195 403.104 132.122 18.2904 92.9426 143.537 415.823 107.692 463.474 22.9322 193.568 217.3 257.074 101.312 436.466 30.4076 389.846 263.185 17.0989 313.595 213.959 201.843 409.387 192.193 330.989 441.732 387.256 145.16 202.21 347.825 377.902 
16.475 347.217 357.676 42.3132 15.2358 298.573 42.9262 406.611 128.005 309.193 23.9605 210.473 424.012 335.02 47.864 223.1 14.8233 101.608 310.15 106.021 96.7113 184.418 304.943 228.36 225.252 135.524 410.525 452.759 405.79 151.897 349.143 130.85 352.568 333.028 199.059 66.2202 167.677 93.0124 262.696 23.4811 219.762 352.823 425.399 215.743 180.488 446.464 264.852 302.727 343.24 187.471 
423.144 180.384 290.13 72.6423 81.8288 453.447 25.3174 462.942 279.898 20.993 374.746 132.03 32.364 198.7 24.9287 34.5291 408.84 233.272 17.7596 193.655 269.218 324.223 289.628 181.22 91.7675 22.7462 37.3548 106.559 491.992 76.1374 423.018 32.5092 320.067 485.273 153.412 133.231 187.336 172.136 277.244 471.503 424.372 294.829 426.952 262.182 278.148 192.008 281.045 146.275 236.291 361.128 
364.975 135.644 72.6681 218.896 192.084 246.165 494.54 449.567 461.643 221.327 91.19 63.2029 398.002 435.373 322.704 240.617 377.417 99.3107 102.287 33.7259 465.217 314.322 22.7123 315.901 278.934 412.658 452.394 193.146 71.0086 496.268 202.262 133.215 115.574 318.766 347.026 160.514 378.473 369.413 76.707 70.337 394.474 327.445 251.117 238.919 212.751 191.331 281.751 147.158 390.015 444.06 
253.934 9.08799 371.565 430.401 152.56 474.663 267.936 213.159 123.19 425.08 118.742 456.786 231.193 445.858 216.886 57.0452 444 497.732 232.433 175.559 62.2527 28.2751 417.241 400.094 231.947 84.8766 260.06 479.651 367.184 194.172 324.382 423.759 242.878 169.916 263.192 269.784 145.178 98.1112 414.278 78.3024 441.188 329.791 114.774 332.556 313.697 430.384 14.0485 110.306 9.36484 42.5601 
447.213 93.8241 222.712 368.177 393.934 139.067 435.309 393.028 184.007 304.036 101.838 279.823 313.894 215.558 26.5824 170.667 405.45 446.658 128.23 381.16 112.36 196.915 64.4802 497.975 440.941 142.995 78.4597 473.436 225.036 55.1255 372.313 312.057 262.349 151.466 379.17 30.5533 211.298 258.919 276.068 129.062 498.214 481.161 27.5755 8.90746 483.276 417.176 50.9884 278.826 478.774 352.799 
469.508 370.781 341.872 368.675 182.859 437.795 329.002 209.787 97.7348 266.592 317.537 420.929 120.163 498.605 359.312 206.746 231.88 482.42 409.32 426.645 189.965 207.14 293.986 408.522 141.084 299.642 22.6368 55.078 180.184 135.701 49.1202 125.325 81.1938 448.242 312.716 191.624 282.973 364.113 258.034 230.63 447.179 443.88 181.618 118.443 387.761 232.984 243.248 70.4327 430.389 44.0796 
385.64 384.178 425.838 284.058 388.074 253.413 266.986 146.103 449.258 7.11129 418.577 209.925 410.91 485.602 38.2433 33.942 333.499 445.178 7.57037 354.772 410.658 374.48 238.734 232.727 101.757 334.782 335.033 267.281 30.7203 486.038 109.793 359.891 357.386 484.69 69.0825 65.7032 378.013 12.5607 398.854 293.577 223.829 82.4617 296.54 408.85 92.3688 152.02 469.642 114.428 72.2678 420.106 
209.325 387.363 38.1188 152.76 400.521 51.1686 274.728 361.864 273.276 306.859 25.0631 414.812 169.27 379.797 247.753 275.909 480.441 473.164 188.139 305.13 179.747 436.67 291.963 107.081 172.229 5.21153 304.726 87.2899 242.83 481.114 351.013 447.4 186.51 90.9367 486.511 412.611 267.865 290.185 209.64 76.3213 474.877 269.566 302.07 272.189 479.036 369.204 365.086 222.771 167.346 483.191 
465.454 346.559 453.125 151.994 383.423 136.445 487.997 376.65 139.309 420.807 412.119 122.706 347.094 268.199 119.45 93.7674 92.1373 486.609 425.73 148.077 311.014 230.659 19.5821 210.491 315.038 25.2233 491.184 61.5479 137.162 125.93 131.12 268.395 37.5958 101.571 387.018 404.706 20.4016 308.352 42.7823 165.023 366.512 190.224 194.82 181.286 255.606 464.476 293.757 375.029 339.35 253.135 
247.246 269.558 114.536 196.142 472.076 460.198 463.431 191.648 328.043 486.736 281.181 402.873 129.306 13.1898 304.101 380.662 182.396 292.283 84.1039 314.967 279.885 434.152 247.913 273.317 16.02 14.4988 237.397 412.241 461.027 92.3672 24.5075 121.245 276.274 67.407 233.817 421.746 222.934 265.741 345.537 365.964 229.562 61.7136 378.534 130.995 32.6503 48.4015 27.6202 290.261 372.481 274.955 
55.4982 227.201 441.632 247.814 434.922 243.199 281.217 330.012 119.651 442.41 307.315 200.772 126.764 440.961 88.4285 496.679 470.965 286.59 356.094 482.028 330.046 315.856 395.856 121.026 247.605 461.108 193.96 317.908 317.269 396.23 448.461 419.401 411.447 355.292 339.489 283.097 90.795 192.876 334.134 238.584 456.709 154.669 57.1532 63.1867 93.1716 41.6747 280.706 481.714 242.625 442.388 
27.5511 78.5586 446.854 471.032 265.754 328.314 45.7199 411.975 111.659 469.295 284.001 312.538 242.308 117.716 99.0679 453.214 31.4833 376.614 204.527 69.8166 339.952 45.698 455.423 393.72 376.872 27.8792 420.776 460.975 178.289 28.4631 273 86.8415 355.802 457.731 276.801 143.475 251.03 340.135 110.46 180.099 151.52 476.102 248.597 146.827 146.455 365.05 374.921 157.187 399.366 141.499 
171.514 156.405 467.28 123.593 403.162 413.616 272.6 392.505 107.537 167.764 424.56 22.0356 207.815 121.659 82.4337 276.692 294.255 366.38 320.496 388.049 103.243 287.192 54.1999 169.459 286.633 271.563 317.045 83.6439 385.691 453.16 57.0472 94.1149 58.4422 70.4167 199.822 234.556 392.952 324.622 53.2165 495.621 54.5818 484.116 255.698 356.389 70.5997 106.344 146.264 80.7381 9.52965 252.601 
239.899 460.158 49.5639 214.555 235.191 499.452 466.807 458.895 175.812 440.461 170.871 195.586 248.274 33.2126 152.869 197.209 13.4131 259.102 406.914 298.482 387.552 451.461 406.337 41.9325 315.614 27.0961 291.235 88.3739 87.7392 104.555 424.24 493.132 346.183 365.873 233.719 267.944 346.527 343.798 406.506 230.328 6.28406 479.869 70.1908 357.707 474.721 161.321 408.402 355.818 180.848 304.752 
350.897 271.347 208.787 269.371 40.4591 174.144 367.686 307.046 281.687 275.34 82.7923 117.638 399.018 375.149 302.781 127.129 449.138 101.443 127.662 355.519 227.442 91.6973 48.5764 28.0804 296.037 150.005 302.644 125.19 378.32 289.482 271.887 103.554 496.236 438.532 285.975 360.75 71.366 99.1686 55.9974 66.5457 384.758 383.3 323.06 205.136 61.0697 245.031 485.733 334.152 170.68 40.1605 
10.1225 149.165 105.395 214.252 291.377 173.759 227.976 32.5416 350.073 205.271 81.5636 185.89 306.984 166.238 453.655 25.6452 65.6015 352.509 286.428 118.569 167.696 9.8497 321.685 326.019 117.759 250.699 429.961 185.876 429.231 16.907 43.5885 58.6027 497.633 467.644 12.839 426.047 163.897 117.428 97.3349 260.616 434.909 268.572 389.307 459.836 372.718 380.357 173.095 138.79 227.018 83.2648 
400.36 215.019 159.917 447.032 172.984 28.2153 464.093 81.9519 198.361 296.793 157.255 298.054 233.233 107.164 72.6053 205.053 137.973 242.709 471.109 18.3062 327.904 340.067 414.72 47.0771 286.81 66.4275 361.967 134.536 38.5797 225.505 193.552 27.5254 249.403 305.848 426.354 9.18686 304.823 18.1069 439.749 401.02 496.164 345.292 303.85 388.146 89.8337 273.92 436.578 324.188 119.88 498.108 
104.253 182.457 345.389 293.976 343.699 454.02 275.697 71.3555 388.391 205.141 490.662 226.156 292.845 183.084 341.308 217.33 259.378 86.8398 299.601 212.125 193.732 415.046 406.248 80.7421 321.133 321.987 61.5799 371.341 405.114 223.949 469.068 131.649 40.0686 162.027 213.975 349.64 133.384 172.227 297.07 62.835 371.71 139.687 225.941 171.03 296.221 255.716 473.186 343.89 388.344 42.3434 
475.066 148.483 396.109 316.608 42.139 246.825 20.8815 419.861 451.397 466.938 246.457 130.712 435.149 51.141 488.473 30.254 117.913 456.948 460.799 247.344 361.523 89.7533 188.076 422.846 302.926 481.921 436.757 78.5171 122.626 193.492 474.162 304.125 295.922 264.661 358.31 342.061 357.236 60.7923 381.509 340.616 193.569 101.32 207.025 425.106 209.486 375.035 176.626 458.968 187.577 450.437 
311.303 133.38 108.678 183.499 288.32 357.464 408.529 79.4531 195.638 327.426 114.331 30.0949 451.402 170.825 451.045 36.7018 234.916 11.1943 172.765 443.228 412.16 363.526 380.831 143.454 61.9293 152.193 201.766 433.197 338.854 9.46618 177.68 448.964 80.024 279.111 265.907 164.939 322.29 364.061 310.114 307.839 85.7891 62.1199 267.637 405.952 108.201 31.4729 391.453 309.202 46.3972 85.195 
103.271 147.139 416.076 130.94 250.021 389.73 225.181 78.5382 226.986 179.991 59.9626 427.525 17.839 197.092 69.0321 417.993 359.734 236.922 160.973 455.836 133.959 175.449 187.892 244.589 364.093 134.834 296.819 131.957 217.878 193.341 375.055 115.36 183.456 69.9832 231.192 133.306 403.543 195.899 123.069 300.169 123.093 107.685 119.365 284.937 481.225 87.5849 28.0608 387.244 413.19 412.213 
171.825 241.142 180.853 364.59 38.3346 64.8048 98.2078 275.91 317.447 418.062 237.709 169.978 51.1988 482.164 381.128 151.189 31.3726 177.848 450.447 463.335 337.641 458.952 49.5342 343.441 129.406 197.182 457.931 283.927 127.248 454.891 373.487 484.121 179.354 499.897 464.966 115.406 438.854 166.115 70.7648 187.767 174.534 444.521 398.148 295.366 436.367 85.5644 62.9619 433.856 447.999 485.45 
385.526 178.931 324.725 30.454 71.871 142.503 314.041 48.0116 436.216 214.622 216.096 313.493 126.056 41.2243 14.351 236.088 179.824 189.192 402.717 54.9677 115.805 279.706 36.5006 267.727 119.251 329.018 458.079 8.08958 181.75 315.571 237.347 426.51 8.54203 481.671 456.303 417.685 363.831 402.448 393.029 348.687 283.279 203.731 381.149 107.731 297.842 458.897 292.078 309.447 307.164 325.604 
137.687 133.978 208.238 461.297 280.724 153.589 147.085 403.172 206.569 200.815 236.946 259.274 219.151 432.182 305.39 121.6 420.316 51.4145 359.554 389.344 372.86 197.025 168.524 442.634 226.168 349.709 438.935 240.278 299.503 301.861 192.664 172.883 428.332 46.0883 180.622 7.05043 469.115 470.573 60.2155 192.451 290.297 391.805 87.7077 371.507 394.405 23.225 18.0684 488.898 31.6134 394.625 
12.7556 150.928 180.395 143.514 143.675 299.337 409.52 453.614 170.238 483.256 407.135 198.509 70.6274 129.202 308.208 53.7317 244.473 74.0062 415.023 140.635 219.105 199.241 206.26 177.638 246.608 7.37055 195.143 426.622 462.588 227.505 98.8641 43.0937 80.1218 355.158 476.804 152.44 221.651 352.922 13.195 320.049 313.613 268.601 243.821 438.461 24.6855 296.332 340.265 109.408 17.0302 209.778 
263.408 343.095 461.586 42.2899 180.819 30.8093 358.533 68.6675 346.244 327.121 334.318 434.786 401.87 358.965 312.649 235.328 450.459 251.137 69.8068 161.336 241.964 417.135 371.878 341.582 476.461 61.3679 25.7068 223.403 19.5774 352.222 425.399 57.7545 486.141 456.551 462.069 455.652 306.94 110.727 170.85 324.774 266.071 451.739 164.391 234.122 366.947 470.888 337.381 20.8703 314.792 328.445 
366.98 231.477 402.17 300.076 298.811 303.105 192.653 375.337 237.752 263.94 440.015 283.015 367.126 376.25 436.407 204.827 342.788 149.082 131.475 105.82 358.332 405.175 450.194 69.448 178.86 484.095 42.8005 67.4764 12.8116 277.309 437.725 31.9416 350.104 197.819 444.672 273.331 116.131 331.14 134.33 367.155 135.145 126.297 427.975 394.995 487.812 281.917 136.327 84.1447 451.293 462.431 
21.0147 328.482 319.356 94.7995 68.9183 233.686 443.72 231.902 415.58 6.56538 424.684 33.1179 33.9262 382.82 275.957 445.481 166.327 387.325 253.934 439.245 194.444 272.378 320.526 308.583 305.339 255.17 44.3128 342.662 497.213 401.485 459.819 459.683 53.4084 394.449 414.858 403.462 339.884 268.693 167.693 474.82 88.335 352.847 297.778 296.043 152.988 477.883 30.4737 80.0551 362.092 448.908 
36.562 110.87 122.885 438.199 55.7978 107.581 120.693 212.307 87.185 395.682 342.369 256.013 279.715 339.422 157.691 364.411 341.87 249.451 469.227 269.021 231.458 8.42984 372.267 440.323 136.493 419.178 494.84 459.836 126.537 494.788 344.348 389.387 18.0912 230.715 390.708 393.118 483.596 95.4527 130.078 149.591 274.389 473.453 133.941 82.627 401.522 372.582 20.2928 162.389 439.569 11.939 
203.377 28.606 437.372 231.563 412.932 213.513 90.6176 148.453 111.277 23.7225 447.697 281.277 5.63946 456.317 201.945 488.998 463.716 186.597 295.395 23.1964 179.322 366.758 216.069 136.488 37.2936 432.013 441.003 99.4254 470.879 48.9006 482.987 148.35 229.968 319.269 104.282 218.73 464.078 16.7492 290.243 418.619 157.621 432.751 499.178 316.515 489.903 215.69 80.0034 428.432 427.99 343.344 
