28.574 25.9447 38.5111 32.2081 37.3071 43.6274 7.75253 32.9064 30.8675 5.52974 29.1451 8.2123 29.5711 19.5395 23.2043 19.8094 9.85847 19.1348 31.0839 5.39641 6.42436 31.5537 39.4911 32.6085 15.5062 34.255 6.84665 37.7726 21.1791 38.6156 17.9531 11.2393 24.9495 30.3767 18.8066 26.5774 33.4211 44.6104 35.6423 29.3358 37.222 21.5613 19.8577 31.1203 37.0141 6.88689 46.8195 28.29 37.1209 48.5555 
48.7647 30.4699 12.4575 8.25428 21.3007 21.7605 34.8354 49.249 11.3602 47.977 6.07166 10.8691 24.934 5.68123 21.8385 47.9461 36.2167 8.52789 29.6763 16.8876 26.6172 19.1541 28.1317 39.4047 7.13786 45.8978 45.1786 27.4739 26.2552 44.3784 7.022 26.4327 13.6812 36.6904 9.65012 19.9019 13.2847 17.4479 34.4146 8.24853 13.4153 6.31453 28.694 13.0676 13.0661 34.0317 43.153 25.597 47.5348 10.8836 
30.8813 19.2413 12.8976 47.7047 41.9534 18.447 20.4345 7.43647 27.5911 39.7575 8.18951 44.0221 33.8613 42.455 48.8652 17.3668 24.4146 42.825 34.8792 20.7294 22.9316 36.868 33.7357 5.14606 37.8252 33.7823 19.8326 33.7019 23.5326 27.3232 9.61327 17.6968 10.6861 13.3592 16.5006 34.6832 7.19614 40.0207 47.1443 36.2805 24.5364 45.5427 25.7102 20.7236 33.7773 13.6823 31.6168 46.8619 49.7388 5.79426 
48.3823 5.6607 43.2867 48.6305 10.3408 22.2533 39.8205 14.361 26.5896 28.5711 44.045 49.8267 36.3662 35.5142 38.1238 43.4095 26.2919 8.66829 18.6667 5.51147 24.4953 48.6802 46.4413 46.151 5.96053 18.7909 15.0932 22.8292 33.6607 47.6236 13.6782 44.3745 8.69694 18.6602 32.0188 9.79139 24.241 10.8491 9.44856 38.1035 42.0385 7.88197 21.2396 26.7662 46.147 31.6931 42.3417 6.11207 24.2778 35.4727 
43.8178 12.1391 48.2251 16.1644 49.7119 35.0117 23.7346 5.39332 13.8179 7.54981 8.98184 25.8382 42.5091 17.2153 8.70787 24.7888 47.9866 35.4289 12.6288 16.3979 14.0834 45.8978 18.2103 36.5145 39.3066 49.7772 13.5447 25.0749 12.8538 43.916 41.1575 40.6238 30.3503 42.528 20.9015 47.7318 24.8344 5.28137 10.1123 35.1185 38.2549 7.18405 20.9592 20.4979 36.8105 21.7878 8.65657 5.17427 10.913 35.102 
43.6925 6.15243 46.3258 30.265 27.8456 16.354 41.9935 7.43831 7.09087 45.8248 29.6494 9.79772 27.0445 46.2978 13.1289 46.6778 39.5719 24.507 41.4311 20.9157 47.0056 23.4063 37.3788 7.40599 41.9621 25.4039 36.2205 49.8436 17.6726 41.6124 32.5542 20.1541 29.1109 16.5819 15.1679 24.6979 6.56269 26.652 18.15 27.5374 35.1164 24.5436 16.6757 5.03279 45.8326 18.2388 46.5955 38.2165 44.2001 28.0615 
23.6587 18.9218 49.4893 18.4868 15.9515 5.40325 38.8798 8.25987 14.738 17.5489 29.9173 22.6687 29.8108 40.0754 6.57051 26.7557 6.31493 31.7302 21.21 40.6075 6.27442 49.6335 37.6318 38.8359 35.1784 7.28141 12.3436 33.6521 12.2697 14.826 37.0081 48.037 21.7819 23.8302 21.9412 42.7067 36.569 43.5648 33.6132 24.4327 26.7471 27.3584 42.9119 22.682 39.9328 23.3113 10.285 21.2565 24.1877 23.5178 
26.8257 17.3218 18.0221 12.9232 9.12915 39.7205 44.7383 11.2896 14.1067 24.4368 34.123 49.6424 40.6791 48.5822 9.45174 32.2672 32.5412 45.4787 13.0903 23.5206 31.5222 16.0759 28.1185 39.9056 18.8812 28.0547 42.0438 12.3521 34.9941 17.3962 37.2112 31.128 22.718 20.3959 14.6991 45.4664 45.9031 13.0199 49.8168 11.2023 38.7736 12.3572 48.2328 20.2069 12.9929 38.0249 47.8622 24.602 22.9456 41.1918 
28.191 27.2068 31.3172 35.3405 38.1769 33.7568 29.8189 26.8357 24.9902 44.2875 46.4701 24.445 43.4841 46.5709 13.8236 22.0654 11.2795 7.59559 48.6499 23.1619 37.313 25.9011 32.9176 32.0716 44.1721 43.2095 44.9954 41.6912 30.4501 24.0697 20.5405 27.025 14.0881 17.3311 15.2298 31.4278 11.5877 14.1175 27.7455 40.7966 14.6186 10.0699 33.3841 24.5036 20.7455 45.0347 47.7521 6.06081 26.2926 43.2309 
9.1267 47.1673 31.9526 29.512 48.7634 17.9803 24.7539 45.3283 40.9998 27.6578 26.8014 8.66647 36.2833 43.1053 40.9004 41.5498 23.915 44.0236 11.4459 14.0622 12.8285 30.0896 39.4313 19.6518 29.0835 7.50898 5.02065 25.6143 35.8462 7.73085 39.9794 8.22954 38.179 12.5591 27.8548 21.7134 29.9217 42.3475 17.0812 40.8165 14.5355 8.61598 23.8128 14.4616 34.0835 48.6004 23.1203 20.3923 9.9137 49.4455 
23.903 5.8985 28.5514 40.7075 39.0905 26.2313 35.6428 20.6246 14.1404 30.6792 43.4593 21.2654 25.4275 42.9875 25.9104 39.1395 29.5256 49.5016 46.9742 17.7188 11.4545 14.7953 43.8055 38.5209 19.6921 12.2346 13.2419 14.7533 30.68 12.1764 46.0242 18.5932 34.7222 42.1191 24.78 10.237 5.16436 33.9268 12.6364 19.705 34.5795 33.1024 12.1475 24.6874 14.448 18.6105 10.5322 16.4699 5.50752 7.02484 
13.2722 8.47337 23.1285 9.12602 33.1196 43.0689 25.3524 14.2684 14.9307 48.3854 39.9125 45.3508 27.7085 15.4451 31.4246 38.6743 49.0003 29.7874 27.1041 26.4181 5.66695 33.4706 40.3995 19.0191 19.393 31.6821 35.2785 5.79432 46.4536 13.2877 49.199 16.625 30.9055 44.5636 48.6201 22.8023 35.759 18.3505 21.8473 33.038 43.6548 34.7656 32.3422 35.9684 28.2293 19.1273 48.199 7.25556 41.1319 21.1004 
36.2484 41.0119 13.4399 25.8915 41.7138 13.1043 33.7934 43.2816 29.1273 49.0434 26.6069 10.7759 24.1572 36.209 7.46504 21.6074 13.2741 37.3736 26.0742 39.9439 34.6862 33.6115 33.9465 47.4719 23.27 12.2927 12.8894 19.9631 24.4842 25.738 12.3073 14.8842 42.8353 33.4567 43.0743 49.6062 45.6421 6.79365 10.0678 37.8341 26.5286 33.6071 21.5909 9.39589 35.7633 37.3586 23.6775 47.9011 32.2247 44.1885 
22.0565 33.6548 37.6387 27.0816 29.0531 47.1695 11.159 48.4335 14.6291 31.1356 44.8498 26.1184 44.0026 18.0869 28.8381 16.388 17.166 20.6402 40.2629 44.8428 18.9259 9.59252 17.1851 28.4742 32.3306 38.3313 35.8249 16.144 48.1471 22.4226 38.6407 46.8812 42.5207 32.3983 23.7523 32.0627 20.8199 49.3865 31.7583 43.0038 32.6285 43.0468 37.9686 39.4491 29.8389 9.09509 30.7404 18.3419 40.3612 32.4935 
18.1737 8.45676 20.293 9.8837 29.1117 49.3243 45.8228 37.0253 37.5662 30.7845 21.9173 8.6422 7.50453 40.5906 27.8447 39.3777 26.6829 45.19 43.4711 29.948 32.3483 8.04247 18.353 39.3358 38.9869 12.4777 21.9755 29.988 34.4124 22.729 30.9436 35.3629 20.8942 26.7256 25.5839 22.4506 8.53315 10.0088 31.5569 17.7375 7.95213 29.5859 47.6902 40.191 15.8317 32.1356 36.4465 43.8904 45.3927 6.85108 
20.7117 20.3383 14.4307 38.873 39.9547 32.1502 9.5286 44.522 31.1645 15.4753 18.7765 16.5287 37.9337 43.8973 28.7228 38.5177 13.6378 18.196 26.2574 29.0417 14.1752 27.6391 34.8868 32.093 7.34549 13.3893 19.1576 40.4863 13.2242 20.6808 42.0047 7.60058 7.51676 46.6299 39.087 27.3124 15.9798 26.1731 28.9835 35.0025 36.2352 27.3088 40.8335 6.43422 12.3142 42.9998 46.8677 41.4894 33.693 13.1484 
9.74076 26.0973 31.9656 20.1227 24.8197 21.3013 48.666 48.632 21.8245 43.0026 20.4347 17.3229 28.1354 23.2223 40.6598 43.7086 8.30004 43.5739 6.9974 12.89 38.7444 40.5562 26.1759 24.96 23.509 22.0114 47.5541 31.9236 10.2804 13.5226 6.91407 22.8016 10.5321 22.2531 14.5209 41.2384 48.1246 37.0353 46.5205 5.89694 40.0802 13.3714 36.4291 38.341 43.4255 13.5758 28.8314 42.7851 46.1212 41.9288 
6.47088 21.6153 5.42507 41.6641 12.9615 11.2068 35.0034 47.4173 39.9997 41.6095 14.4505 31.7582 28.9886 39.1475 9.52518 18.5282 17.1929 8.31226 30.3281 37.353 35.4868 40.3928 28.8075 43.6734 6.03928 35.4267 21.6676 31.1492 34.3001 40.6017 17.7788 14.3917 28.2256 39.0398 44.3374 41.2415 37.7238 42.9473 24.7589 30.0543 6.27435 13.3093 7.03926 31.982 26.9534 21.8346 8.2304 8.41444 47.9391 49.6187 
46.336 21.8642 43.7098 11.2221 17.7276 45.3188 11.1893 36.0738 31.0817 22.8115 44.134 16.9743 37.5794 33.2086 16.2975 6.08385 20.2595 10.1117 34.6397 5.05329 31.6833 10.862 21.3369 22.2001 27.9136 5.90954 30.7878 45.0032 6.79631 20.3426 16.1264 6.46545 9.77332 29.2965 31.0839 40.7062 9.23731 23.0546 6.9968 25.9455 48.8759 14.932 44.3596 48.1178 45.2716 34.0222 17.991 22.4405 42.7754 44.4099 
48.1597 46.6107 38.0801 44.5091 41.3329 19.025 8.96336 49.9254 9.75835 12.2187 21.7103 11.2017 38.6041 39.5915 37.6838 17.1905 39.3838 18.4661 7.44368 11.7845 29.9578 28.4431 46.8176 44.3091 26.5519 12.2009 22.7853 9.68354 20.7045 19.9556 11.7469 8.73701 38.0969 6.77127 46.479 17.8193 41.2391 42.5831 49.6981 16.8723 40.0268 14.9019 38.7238 24.2433 5.12142 24.6506 24.1209 28.8165 8.80332 33.5617 
11.4673 17.625 24.8065 29.2173 12.1501 24.4178 31.1316 24.7672 40.9815 49.3224 15.6164 32.1173 47.8714 31.5938 39.8028 43.2114 36.7234 10.965 26.2441 14.2446 23.7621 8.46896 9.73127 18.9833 47.3168 47.595 45.5972 38.4445 34.6998 49.0164 14.5316 25.015 22.1467 34.7066 36.8333 34.3649 48.4169 30.5891 40.5476 14.4705 40.0929 22.6349 47.7946 25.2776 10.4564 39.2593 44.6285 42.141 10.2086 46.098 
44.7784 18.9555 9.1458 43.7162 33.3976 32.7881 6.04912 30.0467 33.1307 23.016 31.5632 16.1524 6.4336 43.4705 39.9089 35.8074 15.7855 44.5465 19.6297 12.8939 48.3733 10.903 43.9757 48.7301 30.3629 48.3075 44.1617 8.42336 33.5791 25.2512 39.5073 6.38083 19.3714 9.29928 35.6641 19.7765 35.3798 40.4111 30.8862 14.8956 49.2744 34.8204 28.0912 12.115 32.1823 47.8866 42.1678 19.5389 41.8321 9.40123 
27.4759 7.4241 33.4797 6.21898 49.1337 14.8163 44.8612 14.691 29.8282 22.0787 48.2299 37.1193 32.8266 22.4906 14.2506 28.4793 29.448 38.1931 18.2235 34.5328 39.0833 47.3838 15.2988 19.4756 32.1714 49.9339 25.9888 12.083 33.2472 25.6307 24.5773 28.5778 22.2391 7.96297 13.6898 26.2343 24.4769 28.4009 45.9355 17.4369 27.1223 8.88292 38.4378 9.92518 14.5756 48.6525 30.7634 27.8335 27.3442 28.3064 
43.2721 6.76816 39.49 8.82955 30.8777 41.0581 10.2901 22.8038 49.5763 47.6889 21.18 30.0522 7.26966 36.9676 9.88598 14.7697 22.6784 22.6124 26.9373 15.6848 25.6843 24.495 15.643 11.4422 18.9823 29.1147 38.2975 8.7577 41.0766 32.6291 29.8385 17.3618 27.2286 43.6024 6.61389 8.87095 22.2035 33.3486 25.9385 31.3024 26.0754 19.7307 8.74391 22.6171 13.6322 5.85337 27.2616 31.2135 33.0637 19.4008 
38.8977 6.78795 47.4416 30.8609 17.9906 33.9917 48.0044 22.686 46.2731 20.0814 44.82 9.65539 9.59543 45.8479 17.0612 14.131 33.3873 21.6736 27.969 31.7928 46.6065 25.3365 32.2349 24.2858 19.8887 39.1175 23.8241 24.1949 46.9433 33.9759 47.6174 38.0787 11.877 49.5869 36.865 15.5047 37.8904 36.1784 17.904 7.13608 20.8487 27.8321 8.02185 44.6873 35.9182 17.6054 35.1883 45.4042 7.12409 45.3934 
13.8224 10.6755 36.3575 43.4921 21.3454 36.2966 17.8279 49.3949 29.2925 17.5218 5.09449 25.6278 36.0819 19.5473 34.1665 10.5102 42.7749 27.2411 40.9647 24.2882 25.4598 25.7335 41.4737 16.1596 16.7303 29.0358 26.0789 21.6748 16.6021 5.5752 28.8881 30.3678 34.0769 48.8568 43.8997 22.7339 42.7232 5.5442 45.5199 13.8038 45.2798 5.82829 33.5313 36.3596 31.3792 13.1996 34.5088 46.6232 25.025 24.2711 
20.3889 19.7821 27.4987 40.9823 28.1813 43.8544 30.6362 35.4776 36.3892 32.9005 28.959 42.605 7.78835 14.3882 7.94731 49.2628 42.7824 40.4143 41.5198 33.0156 9.75901 7.11111 31.344 31.4443 17.9519 49.471 47.8241 46.8526 29.0565 16.0191 7.51419 23.0805 15.1586 14.1385 33.6779 32.2881 33.2598 18.8606 19.8475 32.7915 25.9114 39.6742 32.0741 22.0317 49.1355 8.3036 11.9985 6.62032 18.4626 45.8275 
48.6616 43.6504 49.7599 46.1299 12.5363 20.6764 8.19652 32.6206 42.9418 43.1306 42.3698 5.17696 30.2715 16.0306 47.5476 30.5175 18.7759 17.369 6.80872 8.51558 33.2085 15.8058 29.4467 41.7086 19.1826 43.2571 27.7801 17.8651 16.4878 45.9217 23.6176 49.7887 49.8871 45.9504 9.09453 40.0168 44.9393 9.90213 26.3316 17.7835 9.07903 19.1372 34.0668 14.9875 44.2095 15.8942 44.452 12.622 6.10833 20.7556 
39.0663 27.6985 6.38311 5.80527 38.372 15.1454 39.5269 36.2884 21.5401 5.69254 40.4865 19.385 34.062 8.7678 39.1402 21.0003 9.78865 24.4493 41.7205 11.1442 42.8332 24.7573 36.7306 36.413 31.9607 25.7757 42.5793 42.8456 6.65192 25.238 12.4652 18.7864 25.027 5.31366 26.4113 7.02952 31.7678 19.2641 35.7294 25.1673 13.3823 14.3968 30.1289 42.4901 48.1416 37.3914 23.154 26.0224 49.732 33.3276 
48.8765 37.314 31.4661 32.1499 43.038 40.814 27.3015 48.6117 25.8721 20.347 13.644 17.6558 18.147 12.7052 32.6193 35.8838 19.7469 19.0961 23.3955 35.1284 17.2488 9.67077 20.7356 42.0278 24.017 14.1512 37.5319 13.17 28.9138 15.3773 40.6655 22.8946 44.0841 28.2857 16.5298 14.7339 25.9749 39.7185 29.5497 23.5504 24.697 14.6941 20.5891 41.7953 47.0428 10.4641 42.3396 45.4297 5.97379 34.7915 
35.6685 48.8969 47.234 7.9979 11.4155 16.6493 45.2119 28.6502 5.56117 42.411 22.3239 22.3182 47.3657 8.09185 49.9503 44.2195 7.86863 18.7203 35.7407 35.9649 41.8087 46.6957 30.0402 30.85 21.6782 21.9413 18.7921 5.91165 19.744 18.2809 24.3468 43.0318 23.5346 41.5999 48.7799 42.0534 36.306 19.2108 47.2345 6.84132 22.892 30.2283 7.93483 21.291 45.6409 39.9087 31.4145 34.5683 40.2239 24.411 
23.6675 49.8922 22.2273 19.4457 45.6525 47.847 32.2507 19.1708 16.6576 28.9986 42.2919 10.4674 43.1531 28.6132 26.2344 43.4781 43.477 47.261 11.7569 31.1153 14.1582 39.8152 10.017 12.5727 9.95332 42.8957 11.0702 42.0819 14.4822 33.7318 48.9476 38.2586 46.153 22.3471 43.6882 32.8774 39.1225 17.3573 13.2539 12.7165 31.1393 32.6611 34.5252 16.4057 11.2567 19.0594 25.3657 30.245 25.1214 26.3222 
32.4968 49.0529 23.2358 41.0515 26.1538 36.8427 29.0929 40.1896 9.17028 47.5004 32.1309 33.2479 6.86839 12.6112 20.3445 39.2231 24.7446 33.1829 37.528 13.7092 13.5982 23.73 28.2679 48.5818 20.3216 37.8526 6.29418 35.3542 20.1155 17.0818 14.559 8.73843 13.6964 32.7988 34.5061 35.2228 26.0242 13.8253 37.5264 47.6361 8.94708 24.6792 48.7828 49.0147 26.3225 26.6831 10.2795 28.8038 9.01606 9.79182 
20.8108 37.3581 30.5786 28.1101 17.2359 12.0961 19.0979 30.8775 30.1738 10.883 41.8959 14.5518 18.3061 12.0779 36.9886 11.9413 11.6802 39.3155 7.7079 43.259 49.8677 31.177 36.6495 44.7653 28.7001 34.7031 31.9497 15.4222 29.5015 26.3048 9.13106 7.67702 32.5807 30.6924 5.41055 38.3592 27.9684 32.6841 49.5534 7.43315 17.9504 48.897 36.1703 29.4194 12.3979 24.126 33.1913 23.758 20.847 12.0314 
7.61356 19.8375 19.8748 41.3343 25.9239 31.6486 14.0496 26.1355 42.3578 24.4499 13.9868 22.3287 25.0166 46.7895 21.203 35.77 8.34757 30.4032 34.7836 20.6681 39.1351 7.91235 43.0024 26.803 42.0906 38.6274 8.52656 19.2774 10.3695 9.38336 6.04809 30.3754 6.83305 23.3253 49.3067 42.521 11.0651 29.3913 13.1248 47.612 18.2196 18.4144 35.811 37.3189 48.6302 5.9288 49.3992 31.6374 41.6215 7.02991 
12.0386 34.3555 21.6367 41.5273 10.7653 15.5704 12.9994 6.57191 20.4162 39.3824 10.792 28.5204 10.627 10.7812 49.2575 34.4427 11.2718 17.0366 34.7882 24.0567 8.50637 28.5797 21.9612 38.8661 22.1885 33.16 8.26775 14.187 27.1514 39.6951 14.419 15.8362 14.9563 39.5081 18.038 14.6171 43.047 39.5916 42.9787 16.7211 7.43768 35.9284 41.7686 34.036 26.7536 25.2848 39.6836 41.8208 31.7337 25.5964 
49.2004 35.9262 34.1347 25.1304 26.8423 26.852 11.4741 8.82041 38.3257 31.1592 49.1723 29.3956 25.05 20.2349 37.1333 8.87098 15.1027 43.6486 18.3294 28.3633 43.9764 25.5434 29.3872 32.3598 38.7174 12.1831 20.5582 47.5144 45.0544 21.8746 37.3151 9.62125 36.8493 14.8071 18.0211 13.7351 27.4654 13.5274 47.9805 31.4363 24.3832 49.0897 5.15065 47.1908 27.2717 41.5987 49.1043 10.7629 27.3284 47.6597 
24.2072 11.3454 15.0086 17.0678 7.99754 11.5512 49.8148 27.916 34.5781 49.7922 25.0491 16.1728 9.85884 28.3468 21.5713 24.228 29.2219 40.1365 17.0213 32.5392 38.3908 8.04543 10.5599 43.3853 34.5415 33.2667 11.9197 11.3369 35.9995 43.5362 33.7731 17.0145 14.6029 39.3843 30.9815 43.5202 47.3405 39.0701 29.8343 21.1626 10.7646 21.5287 18.0261 48.7287 23.7125 22.8312 19.9961 22.1267 31.2584 6.26724 
34.3048 16.2102 30.3823 27.5678 5.60536 44.4712 45.7147 9.97984 49.1519 43.3741 10.4914 24.4854 47.0481 20.3286 23.7198 20.0465 12.1052 26.6023 23.8829 21.2571 32.3916 16.9871 24.2664 24.325 13.747 21.9736 22.9281 46.2416 27.0087 28.2654 25.9369 19.8429 14.355 11.1923 43.4452 31.7828 9.34202 47.2953 5.50968 13.8932 35.7561 45.3092 44.7692 24.4628 29.5369 36.7422 21.7664 5.87337 46.1746 21.4238 
17.2871 23.2188 27.6328 5.33629 26.4623 43.5981 36.7391 25.967 17.3669 14.3624 40.5315 6.24705 18.0098 47.6211 23.1442 11.5334 43.6119 11.495 31.0168 20.4351 9.28863 9.78243 18.5016 39.4868 25.8616 28.5164 28.1641 7.63654 46.3696 31.9423 48.0623 6.34614 27.0672 20.2255 47.0723 14.0722 33.1979 44.7957 41.5353 41.5906 39.2148 41.0839 23.2763 27.6214 42.7375 28.8626 31.8791 22.6781 22.8725 7.64015 
24.6648 46.6374 9.52107 42.7067 44.3592 10.0279 45.0902 19.0788 12.98 26.4442 25.8709 28.9226 6.18237 39.4312 35.0266 21.1908 28.915 27.0299 23.7745 6.18533 29.0184 29.487 7.74416 47.8036 11.9595 13.2784 37.219 45.0541 12.9008 48.9686 35.9243 15.8602 8.10425 48.7752 40.4915 45.693 39.2474 18.8027 23.9875 31.8491 24.1457 49.7521 33.1654 40.0761 7.68911 28.7059 36.311 47.4368 33.0139 9.27639 
22.2424 11.225 28.9107 38.2352 31.145 37.199 28.1155 48.9809 13.1131 46.6816 33.9872 40.4021 47.3728 29.05 18.36 47.9593 16.0711 35.1808 27.9325 8.849 38.0557 28.3306 21.9864 18.617 40.821 46.1596 28.5648 45.4003 42.9011 42.4189 10.5418 42.6727 17.9389 30.8348 16.3966 32.0775 25.8427 49.0303 22.6264 23.3081 34.804 17.9546 19.4581 5.21261 23.1116 14.2781 19.256 32.6437 19.9252 7.26094 
33.5373 19.5858 9.57857 37.1168 32.9281 42.3938 21.7183 42.0902 11.2042 24.4937 43.8804 37.3021 6.08707 38.8049 21.559 28.7635 39.6175 21.1956 25.0153 16.298 32.6108 43.8907 9.07474 8.00296 10.9277 9.51006 41.3523 28.3215 14.7114 44.0554 21.8268 8.95424 47.1882 16.0492 12.8898 6.97717 7.93356 36.7618 25.1066 9.99912 25.6046 42.3057 10.4868 33.405 34.8158 37.9861 9.39351 6.88865 30.6033 33.9461 
43.078 34.9472 29.8228 32.8813 37.9919 34.2175 11.6032 36.5768 43.5686 30.7797 49.9443 27.777 36.3398 6.17886 35.8797 28.0738 9.19243 47.9261 43.8355 38.0936 11.9152 16.6096 23.0055 41.0264 5.0028 32.8872 11.8476 25.8193 7.15386 9.83382 8.08211 35.2985 13.5955 5.96961 23.8224 10.4577 28.256 42.2238 14.5984 15.2229 21.9687 10.4854 22.3901 24.8196 34.8632 6.42368 44.5627 24.3683 44.4007 20.0346 
21.6809 10.7092 22.0461 30.2792 7.22709 36.4816 43.7314 45.4286 30.3131 17.8328 9.2244 21.8532 19.3494 27.2351 37.4074 32.9995 36.124 17.2349 26.0717 36.4931 49.8703 11.2765 43.4108 14.8128 34.2686 21.657 24.6742 18.9381 28.7954 38.2129 26.2191 22.7703 34.9765 13.721 35.538 46.8463 45.5079 39.9054 7.37222 26.7 21.3082 30.1157 20.9406 20.2591 19.2714 36.6151 23.6244 45.7771 14.9914 46.1268 
24.8348 17.4753 30.1926 7.08826 45.1646 39.5629 46.2959 38.5713 34.8747 12.0625 48.7628 12.5352 46.8268 29.7259 46.2205 39.9655 21.8184 16.2267 17.68 16.811 49.7767 14.174 27.5173 16.5575 33.1119 27.9852 25.0641 28.9994 43.9367 12.2081 26.769 37.3201 37.4131 18.9433 21.265 22.5296 13.6704 36.8523 23.1365 26.3674 16.9854 31.8999 39.5456 41.108 10.2215 8.01161 22.1375 44.8486 39.8295 45.6936 
47.0351 11.9415 44.5966 30.8912 21.7714 26.6685 38.5541 22.0186 16.4773 23.4069 25.5129 17.2002 24.4902 41.3071 29.0709 29.5517 48.0658 10.4262 27.4839 39.137 9.11986 8.39466 14.0282 36.543 30.743 28.8666 32.588 35.6051 27.3093 26.1291 49.9457 43.6815 45.3202 48.8815 9.26633 38.0106 7.05829 27.9954 49.2805 33.0533 44.9719 27.6439 30.2523 29.5167 16.9703 38.4676 31.3597 40.0129 47.3314 42.4882 
5.43557 30.8963 7.41984 20.496 48.7218 12.9983 24.4236 22.5965 31.1909 33.6275 25.8547 47.2562 5.3222 44.6328 13.116 42.6603 48.5636 39.8936 26.3213 26.2085 44.408 29.2345 25.738 30.4576 31.7515 20.1402 42.583 14.1737 5.95914 48.1435 6.91133 20.5759 20.5205 21.9686 6.8657 10.6768 38.2327 38.7473 7.13011 15.9251 23.0971 44.8657 22.0673 30.9487 32.6883 25.9855 45.9869 39.7024 47.2911 42.468 
26.8289 23.0104 29.0023 18.8601 9.93498 36.6073 24.7567 17.2028 28.3775 47.6118 45.5712 19.4009 26.5643 10.8087 46.3405 27.9317 18.5538 41.3874 17.6504 33.1952 48.8554 28.3512 14.818 14.4144 31.1274 43.5704 7.20612 23.7183 16.4736 24.3475 36.1504 35.9386 41.1071 16.3275 49.7228 8.00053 34.4639 8.48214 17.1407 44.2966 43.3784 42.4439 21.3269 15.8534 34.1393 23.839 42.0317 36.7796 6.55109 16.1509 
20.7521 33.7742 12.0609 34.404 42.7628 41.6152 34.2226 17.8662 7.19665 26.5664 34.1399 32.27 23.2762 49.3162 13.2149 44.9327 13.7182 27.3811 46.5504 33.4213 45.5168 31.2898 35.6463 36.4329 32.1053 5.51738 26.921 45.1395 16.4782 21.1522 22.2868 37.427 20.5078 12.6014 32.7304 16.5577 48.6382 19.2266 29.5511 39.3517 19.3395 37.0443 16.5838 44.8828 44.019 34.8181 49.5207 48.4306 25.0892 6.07862 
