258.686 243.169 402.51 322.308 210.32 203.927 46.9519 368.475 227.868 185.537 369.568 32.3334 262.222 255.903 205.678 75.7284 322.196 43.0542 145.133 149.136 480.019 210.595 340.091 212.843 223.125 201.942 163.719 220.767 376.473 106.186 27.2282 283.76 481.213 490.626 171.446 413.809 453.428 454.444 133.09 197.196 141.534 186.613 337.298 145.755 216.671 378.432 383.806 340.533 183.923 71.1627 
186.756 20.3382 329.1 470.422 44.4327 287.58 460.844 366.234 450.954 426.891 122.086 139.223 329.141 394.884 344.71 121.286 152.239 63.7596 255.833 333.311 392.252 146.28 323.786 438.664 164.18 427.549 271.302 65.4306 100.924 221.324 242.689 401.712 417.53 171.978 118.234 99.1216 446.43 489.013 70.4147 69.2509 286.159 255.381 242.611 259.124 327.497 265.703 301.151 382.248 306.172 82.405 
178.815 416.552 130.974 475.524 416.676 100.807 242.67 175.637 75.5743 446.373 313.536 46.0874 42.4938 39.7719 378.724 91.9148 70.4127 493.008 229.822 409.711 131.169 64.4882 244.843 8.50451 342.939 379.769 413.86 420.012 421.015 263.051 280.088 8.16851 84.9443 425.459 442.722 210.537 236.837 172.883 36.1412 227.727 216.796 222.627 458.812 469.605 47.4969 127.785 25.5033 150.01 42.5467 367.765 
497.534 182.232 178.52 97.6872 156.119 470.093 45.1346 489.831 53.2377 208.496 330.935 419.336 496.497 433.34 185.064 136.897 380.973 425.617 478.375 285.924 312.202 494.149 285.691 498.249 112.956 404.086 128.997 270.159 227.653 92.3679 362.115 269.898 30.5758 231.775 309.274 288.74 238.695 174.583 185.395 428.706 449.861 137.213 337.217 494.767 395.718 143.582 75.1721 167.792 328.302 186.716 
324.561 295.781 258.538 149.505 122.156 56.309 5.78259 415.498 216.687 186.43 341.852 115.408 78.2221 20.2128 466.848 260.486 241.07 338.626 469.772 337.263 165.711 158.196 240.511 227.439 370.408 478.988 141.17 26.2002 115.315 359.888 425.188 288.984 309.849 274.715 173.733 79.5965 129.03 73.5442 216.638 260.817 393.384 131.971 346.207 380.107 353.841 43.2951 409.281 69.2474 69.6781 417.398 
72.2491 304.641 455 346.314 491.034 438.337 331.235 270.202 267.029 406.56 474.859 46.2795 49.1895 474.235 163.027 258.426 347.855 122.242 373.026 153.283 351.076 357.685 286.71 484.92 22.6787 168.257 419.302 385.742 152.116 97.2036 122.25 128.099 195.401 390.88 260.35 302.307 288.598 186.309 363.739 268.167 196.416 10.5266 253.617 333.675 442.307 51.0934 101.693 272.547 385.091 279.48 
154.868 474.821 484.64 462.789 455.811 391.6 90.6509 55.5887 334.701 34.7204 7.91608 166.647 367.185 291.465 204.186 165.329 165.823 391.078 336.217 241.218 319.677 244.009 265.551 409.828 284.845 46.2655 48.481 366.621 94.9717 288.626 95.5447 74.177 225.178 495.515 477.52 252.395 184.511 262.987 350.287 453.848 171.138 266.783 124.825 102.012 170.423 119.855 288.539 244.787 332.302 331.667 
59.1308 134.85 190.953 50.0545 431.099 498.173 103.222 230.586 142.088 293.525 259.897 292.449 108.248 458.425 157.561 133.94 261.282 273.116 363.892 460.127 144.463 432.836 6.00842 476.111 286.067 342.436 215.201 130.733 316.481 291.36 305.164 239.607 155.695 364.464 111.845 314.121 325.871 471.046 137.145 296.402 134.34 416.277 433.804 347.507 257.966 365.805 253.204 361.483 29.1197 382.626 
170.719 220.949 386.199 368.681 422.601 368.316 64.3791 322.481 223.45 174.971 474.575 262.918 283.442 419.058 128.752 63.1179 105.356 370.591 244.585 451.3 271.907 126.188 42.932 125.608 234.645 251.353 398.371 420.048 418.588 97.5126 241.22 46.7452 130.889 115.021 398.722 123.731 151.253 52.3143 372.151 374.308 131.869 301.542 92.3393 30.003 256.597 289.286 29.2079 124.721 28.7702 26.7648 
139.359 128.829 350.989 281.145 375.427 133.136 357.319 417.13 250.196 466.807 457.986 59.2992 453.741 458.372 96.2824 432.711 479.266 297.387 437.112 389.457 52.2829 400.531 296.936 354.155 86.8522 38.4363 77.02 18.4854 269.94 8.37994 223.684 411.798 115.819 187.912 318.166 297.729 334.973 12.2298 252.844 353.936 165.533 230.489 40.5653 420.573 217.021 66.6633 492.185 44.7959 240.562 363.217 
274.07 279.072 107.999 413.883 177.819 418.069 490.095 166.35 378.107 48.2989 109.603 214.711 421.26 299.957 211.607 248.675 158.39 118.152 92.2124 386.842 197.313 196.64 399.178 488.09 44.5323 95.1011 183.73 20.7358 198.38 428.926 19.6134 161.426 14.7927 53.9732 169.257 30.8706 161.282 122.165 303.199 361.186 285.756 149.795 141.125 360.726 155.5 373.77 344.51 72.6105 287.316 291.048 
207.438 471.824 92.6637 360.408 151.306 422.139 407.653 410.092 110.632 487.357 399.15 447.722 434.145 118.807 135.469 322.795 259.858 454.448 250.596 164.1 9.60857 40.2758 41.3843 456.025 348.596 295.682 204.617 59.3297 108.328 279.368 58.3677 132.05 400.942 395.171 470.76 125.746 237.156 206.55 144.194 276.767 93.8273 264.576 57.0977 239.68 345.828 416.092 257.32 476.932 101.385 137.203 
124.648 451.52 11.2152 110.031 237.439 372.073 429.893 164.469 206.392 371.55 88.9063 131.931 75.6795 87.0358 41.6117 151.457 78.7663 416.758 53.4772 301.219 224.734 54.8323 269.041 451.851 426.86 12.3127 325.221 319.49 35.9849 443.533 202.916 253.969 69.2723 321.807 363.517 37.6165 33.9141 328.72 38.5785 325.685 413.261 21.8169 141.224 122.967 68.9583 347.841 455.513 473.928 289.584 436.954 
105.169 36.512 127.524 493.641 186.732 45.7537 85.5171 181.955 184.887 409.21 73.7275 139.233 135.047 53.836 201.266 256.682 97.867 39.885 236.332 6.84421 290.701 67.3369 472.093 102.121 401.506 360.921 438.474 172.242 416.901 187.503 483.559 267.643 10.3542 142.536 209.911 165.073 39.6373 330.305 286.734 330.478 160.981 162.942 419.249 78.2881 49.6872 465.525 208.963 220.004 279.385 488.243 
74.781 244.84 211.961 194.123 137.672 425.899 382.004 462.052 362.577 68.1308 457.287 375.462 120.639 81.5579 441.191 184.644 88.9822 222.431 343.673 440.095 222.864 382.66 476.58 300.575 143.155 344.988 271.739 227.342 248.021 143.151 441.672 256.445 224.86 316.438 340.317 218.671 365.569 216.359 348.449 364.457 138.477 450.411 223.909 72.7682 344.132 424.676 46.7019 62.0187 435.294 125.803 
334.644 63.273 238.923 296.9 119.189 317.985 338.475 467.643 123.439 284.978 48.2849 188.265 266.525 341.393 263.363 67.3578 247.449 406.742 387.444 242.347 56.736 179.388 30.6986 85.2916 104.744 31.3099 45.0614 192.817 85.0234 31.9828 278.85 447.681 403.036 231.723 446.459 168.612 309.528 494.382 411.225 31.7908 16.37 268.61 33.588 301.468 469.761 28.5026 153.907 39.224 303.814 177.932 
365.489 194.52 179.645 428.444 26.1941 373.214 207.708 153.304 13.358 255.975 401.732 150.442 289.539 305.988 195.954 352.366 39.6182 37.9693 492.766 263.108 440.892 410.554 414.096 188.125 11.6912 448.028 337.1 196.199 351.387 85.2529 269.191 420.201 248.538 205.521 61.2629 347.601 394.266 417.215 281.439 12.9425 349.523 270.884 146.229 60.324 338.174 181.001 355.205 228.492 389.167 496.167 
172.394 465.652 61.9059 414.417 356.245 457.21 290.718 192.687 157.618 58.2637 267.259 121.687 415.557 336.852 379.952 128.423 168.345 416.312 318.274 285.987 126.537 93.4533 75.3669 129.705 67.6484 434.378 277.096 297.401 166.337 469.926 304.346 365.28 14.5576 346.136 451.112 417.543 146.4 112.557 76.9015 256.046 266.598 375.834 184.032 324.036 159.848 96.9773 307.789 329.669 114.124 238.6 
290.569 98.9595 265.037 361.365 264.348 252.937 481.866 318.694 193.407 205.188 185.033 5.85485 151.94 130.565 396.715 172.157 148.839 340.569 488.56 53.5532 143.312 24.3422 490.118 179.482 142.987 395.481 209.201 412.539 400.425 215.432 82.2024 120.962 470.008 291.595 194.082 90.7929 379.021 395.24 294.088 463.838 273.81 475.939 196.239 396.755 270.126 353.013 430.064 127.24 296.4 67.9307 
474.302 237.638 396.021 10.0019 427.718 361.48 205.713 211.366 471.178 273.083 44.0862 388.913 369.218 327.511 350.843 383.756 276.389 68.1241 58.8979 386.15 8.12726 339.639 245.152 187.975 240.837 306.57 78.0816 195.004 455.678 478.138 113.501 392.978 31.8795 187.387 36.9024 394.32 182.233 120.692 498.617 334.18 454.766 209.602 408.684 269.53 202.215 454.682 401.254 254.831 481.317 105.13 
347.47 440.866 32.3079 110.307 80.8585 279.177 300.692 281.461 471.151 276.729 78.3674 417.376 135.907 241.114 488.543 302.617 176.432 364.844 136.616 217.746 192.551 265.71 321.534 108.847 48.5131 136.677 80.2836 360.295 393.288 241.993 482.549 131.306 213.631 12.1688 257.606 492.07 95.8304 192.253 491.91 196.889 471.002 116.457 489.654 402.253 181.023 182.196 189.607 38.7556 233.654 258.507 
481.423 80.0641 444.993 84.445 154.8 344.094 26.1553 161.349 181.631 113.483 294.717 93.5233 275.059 97.5006 237.951 343.932 414.157 53.5212 24.8818 395.68 334.449 66.7057 109.368 357.775 387.997 22.9998 395.355 280.95 265.119 61.9862 139.772 89.691 469.988 75.2182 210.067 235.106 305.403 180.345 91.7644 137.5 416.865 77.0313 42.7655 90.6303 246.77 92.2475 51.5812 260.197 180.373 353.768 
418.741 332.406 218.955 210.026 19.2308 391.243 79.672 332.521 15.8936 210.172 403.276 86.2447 98.848 252.87 186.116 69.4116 414.678 183.235 363.533 320.563 126.873 307.359 214.653 67.3904 191.198 350.193 231.662 267.981 440.697 103.914 266.165 366.758 226.812 239.863 447.077 299.008 72.4738 12.4134 378.697 366.749 302.248 336.872 254.576 178.948 169.204 54.9383 344.871 420.087 66.8697 285.982 
296.295 436.909 351.643 437.364 55.7435 212.955 177.241 329.432 131.723 409.304 90.0212 342.869 58.2029 380.124 143.514 247.788 287.14 376.721 59.7329 366.378 380.566 313.817 110.331 176.212 497.926 107.35 109.865 390.251 25.263 286.129 260.397 416.122 167.136 56.9236 253.663 230.495 249.506 427.306 228.501 445.398 488.951 455.283 469.887 406.841 208.235 398.886 231.045 34.2204 198.377 116.74 
255.371 86.7718 204.695 45.7153 344.003 288.586 421.186 361.376 168.743 406.103 474.569 368.834 420.993 358.132 238.87 310.042 333.257 404.147 63.1403 10.5678 16.6484 238.685 135.351 473.48 381.595 451.075 382.42 247.875 61.6745 272.441 401.179 91.0356 250.062 108.217 188.202 62.6653 415.277 209.725 162.361 406.149 347.771 448.091 132.084 45.6449 382.862 245.111 192.105 425.162 454.439 302.711 
244.238 417.114 367.45 359.488 314.775 185.008 396.184 299.8 162 384.21 406.856 324.378 264.89 35.6531 382.257 20.661 337.298 10.0015 429.901 188.379 293.485 354.48 290.599 95.4684 201.659 32.7984 298.777 88.5639 269.905 35.0553 221.647 498.968 494.847 478.457 415.611 241.749 138.01 29.5347 309.353 207.928 140.385 442.439 206.01 226.77 329.296 150.484 319.039 134.915 33.966 64.6651 
239.452 26.8164 215.55 194.818 442.765 463.933 311.915 101.454 121.774 383.906 457.634 491.549 327.816 128.669 193.519 36.5316 204.069 422.808 52.4752 81.5224 36.2331 82.0795 37.5819 408.327 497.277 249.86 476.58 417.33 461.085 365.423 235.172 448.61 120.785 7.02414 10.5856 42.1958 284.291 88.9341 257.474 31.9248 144.826 73.5028 88.746 243.265 151.033 359.604 268.727 9.74557 95.7288 320.325 
331.314 205.824 181.118 44.5066 54.8615 157.947 351.827 330.564 177.199 499.891 202.118 390.268 171.334 392.416 325.322 147.934 156.114 57.6933 112.285 329.061 496.296 284.441 220.205 297.006 318.791 436.484 109.786 86.7675 111.264 297.89 182.708 186.564 451.12 62.9824 86.1694 279.035 129.066 272.258 98.9422 135.384 250.282 239.348 201.869 392.816 207.639 489.968 426.202 332.242 323.64 24.6189 
114.385 119.488 332.167 293.76 40.0694 69.3819 294.786 61.0649 74.8095 304.51 166.608 12.3996 433.317 426.243 262.362 20.535 495.785 219.522 479.3 253.813 392.876 41.0205 463.237 130.149 271.112 462.974 221.715 43.4267 323.437 108.108 487.634 211.555 180.629 359.729 64.0429 274.672 496.311 93.3727 96.5806 311.413 189.838 124.897 470.245 131.503 385.653 31.3334 88.3087 348.05 146.967 48.7197 
395.204 412.673 365.81 44.345 414.226 73.2005 92.1133 441.96 160.885 174.012 397.026 389.369 184.068 31.2034 40.4495 450.57 12.322 426.565 206.766 472.748 460.937 138.473 6.72588 446.418 172.824 370.275 384.474 45.8276 68.2336 125.823 121.96 257.017 368.17 194.168 249.668 181.785 428.642 146.145 466.451 313.793 479.284 26.6657 73.897 288.418 217.435 374.675 39.8195 452.972 43.1398 124.461 
311.248 491.888 44.2489 143.046 169.106 496.699 338.995 313.897 33.0103 457.194 276.323 350.973 74.1909 47.846 41.424 404.088 158.576 121.669 408.255 7.17411 12.5248 293.648 230.146 337.467 66.6182 149.285 46.0109 17.5263 159.033 282.205 358.601 237.365 475.542 433.702 308.466 334.286 272.645 491.442 97.1704 265.691 55.6098 47.8261 40.7803 247.76 374.748 443.305 257.25 127.461 410.997 250.772 
73.3982 51.6357 451.253 365.456 258.116 306.883 223.726 69.9033 467.221 392.074 172.833 364.819 318.317 384.919 209.214 205.697 423.394 14.0048 235.26 69.4869 361.308 287.786 186.111 94.8991 488.071 11.2433 183.633 313.257 220.745 364.662 484.025 20.6401 369.686 373.951 50.7974 177.736 291.171 90.7382 230.962 451.937 55.6016 16.6704 383.229 42.3426 11.8211 38.7067 147.61 417.484 338.542 299.566 
409.518 364.956 78.3135 184.279 300.193 24.6308 281.099 318.37 70.2457 5.69018 204.35 196.848 487.524 221.787 386.128 386.112 144.91 444.813 324.899 191.832 204.706 381.35 474.625 289.663 306.999 243.956 404.907 388.458 333.601 42.4785 94.9845 35.5734 218.174 423.058 108.954 366.897 327.043 156.232 20.414 203.848 175.964 32.5618 112.418 318.875 203.755 122.956 137.338 372.834 410.603 380.048 
62.2247 489.15 34.9852 408.198 291.172 161.523 429.691 306.641 429.431 320.639 131.91 75.8801 274.018 79.397 431.631 237.633 242.008 210.679 436.058 76.6971 479.082 89.508 87.1183 198.082 195.346 83.7232 216.712 339.29 453.214 358.173 465.526 81.9479 322.498 330.889 183.981 208.862 179.348 402.43 193.729 273.976 432.121 218.186 5.49683 479.419 120.65 18.0484 112.544 292.598 234.859 103.678 
362.658 232.701 404.89 127.512 184.541 394.557 472.833 196.079 295.333 308.775 313.206 27.3672 417.749 85.3855 363.941 92.1205 115.781 195.345 255.554 388.908 255.816 68.6724 51.5976 196.46 40.2809 464.703 301.488 90.3692 225.389 167.062 411.442 260.862 153.131 190.537 277.871 157.294 292.236 452.65 192.251 13.8215 359.611 291.91 6.26527 141.913 71.0409 431.705 445.249 353.958 210.484 299.341 
490.94 452.142 494.796 351.567 53.3057 110.385 258.055 324.599 399.51 116.392 308.078 403.989 480.445 137.436 400.041 64.3033 21.4491 485.353 55.7486 224.412 229.433 163.59 228.692 185.417 334.852 164.784 107.527 40.6857 234.32 464.902 34.4325 26.2141 156.662 384.742 232.774 198.032 144.757 56.6885 412.151 212.845 277.015 79.6934 388.95 429.008 259.83 463.9 290.883 139.259 379.41 169.665 
183.524 292.202 220.179 58.7271 18.0159 236.364 21.5275 183.427 369.246 373.855 37.0953 312.94 407.335 77.1317 87.7357 238.86 431.102 284.924 334.193 238.205 297.36 449.15 339.119 259.941 177.075 392.941 93.3865 374.503 280.58 67.6397 339.095 275.05 404.811 196.038 50.6838 208.327 322.433 19.0255 191.272 499.94 13.1423 12.4213 134.024 432.038 44.1846 295.73 328.955 118.596 307.206 75.4473 
194.596 195.121 330.261 488.59 86.848 7.87687 85.5132 390.413 456.57 99.9942 22.426 374.023 452.368 101.853 163.718 197.103 55.6031 123.06 318.994 91.5929 491.879 332.579 305.451 180.68 394.31 451.808 89.0378 284.623 379.799 253.19 275.829 325.691 98.2446 275.029 285.023 405.599 185.398 199.164 229.057 181.353 163.695 488.233 126.69 270.544 429.293 86.0198 51.2688 285.299 149.289 60.7496 
278.011 443.162 158.896 40.7136 184.774 65.7454 57.9846 33.3484 209.97 327.424 234.553 396.304 100.717 406.001 275.16 343.556 443.641 492.423 347.476 247.226 200.205 30.6832 206.186 63.2197 190.403 372.984 470.987 119.083 223.653 454.612 41.8997 237.286 191.857 188.12 8.94172 385.091 304.534 486.631 331.246 56.4782 197.957 46.767 133.149 405.776 438.184 160.632 388.652 130.04 310.116 161.601 
57.5763 204.505 136.713 203.169 370.82 409.198 51.0855 105.544 26.3835 147.356 327.791 237.661 245.27 109.46 243.394 50.9292 310.801 282.166 79.832 340.888 416.658 386.841 289.322 178.827 470.371 174.319 186.405 182.159 147.472 343.787 235.654 255.669 67.3488 167.935 412.117 57.4507 274.493 236.712 216.7 119.712 291.815 125.745 47.8759 9.39586 98.0022 249.218 67.2535 89.0903 41.3163 296.693 
361.878 28.9874 188.345 195.249 255.085 198.176 160.518 120.368 374.301 123.269 66.5848 234.257 43.6508 29.1185 126.904 389.115 303.632 74.6187 191.814 486.055 126.463 214.425 321.225 137.059 326.141 259.398 351.213 258.599 323.24 60.6776 346.675 414.477 92.1777 92.0985 199.931 383.897 282.315 296.39 22.4866 109.496 403.628 289.776 388.599 187.653 103.397 134.745 357.425 456.986 57.3366 221.049 
380.6 269.728 70.9943 16.5352 348.907 114.339 237.383 40.4995 174.877 452.418 184.923 436.018 206.196 499.029 383.661 103.621 184.472 409.116 485.555 218.369 350.849 330.935 298.132 488.786 254.772 119.322 184.811 44.9707 104.9 158.74 190.827 30.0263 235.499 62.792 361.856 126.365 25.5086 283.276 123.527 436.699 351.752 276.404 157.932 397.497 59.7442 341.84 223.589 245.509 191.386 403.105 
12.5006 379.807 257.625 369.261 491.888 68.6153 244.516 416.268 328.311 406.075 124.714 255.175 31.4193 63.9061 59.371 100.19 107.055 199.611 218.801 160.607 67.3054 220.681 287.112 313.798 431.344 120.735 50.9842 265.126 430.6 225.87 354.639 492.265 410.207 278.475 454.525 305.089 358.277 473.539 222.288 453.411 380.652 216.399 137.481 143.206 271.556 442.762 54.441 281.547 62.8806 8.33199 
32.705 66.6626 360.783 251.701 249.107 389.886 410.496 276.676 420.73 158.614 462.562 429.963 283.599 479.848 313.046 407.732 397.526 437.208 497.236 415.717 291.427 368.204 36.5098 368.089 203.766 20.8675 352.919 415.98 481.724 242.013 84.0309 324.736 65.4128 324.726 34.9239 216.945 368.688 311.622 479.127 381.775 444.49 495.615 422.602 377.998 395.502 86.7448 382.282 121.097 122.56 194.039 
447.759 359.527 128.692 26.1161 344.328 334.859 27.9634 215.997 276.564 428.482 46.3281 488.416 63.1513 305.387 145.214 34.9327 376.344 141.056 397.681 250.51 149.994 21.7995 396.821 41.7244 448.933 422.54 307.667 316.87 309.333 62.4604 334.038 352.405 216.371 373.949 265.656 360.761 58.3794 205.455 222.713 224.446 43.4047 372.515 98.0018 282.081 220.249 380.609 65.9884 55.0046 103.177 42.4716 
449.768 230.083 79.3942 399.705 268.85 441.076 156.341 235.859 443.888 496.728 79.105 442.471 269.616 399.02 16.8293 222.881 384.946 171.803 309.379 320.041 448.654 89.0955 459.422 382.787 149.025 462.693 413.315 403.107 235.236 299.609 52.4657 397.813 249.765 103.852 112.818 78.3633 61.148 294.748 303.466 24.7979 334.019 428.228 268.079 297.867 120.988 415.031 178.802 67.375 174.795 311.128 
428.48 22.2476 439.266 24.3928 11.2729 386.125 378.241 33.1131 487.205 192.786 32.9135 234.475 143.678 177.013 475.14 163.494 145.579 241.833 304.179 48.0189 352.159 85.884 87.9511 433.574 224.044 282.882 134.653 162.11 208.542 196.178 168.499 328.043 107.084 363.373 139.038 147.621 242.339 130.725 178.083 465.664 97.1991 411.139 463.103 208.468 17.7595 485.94 288.777 395.703 139.673 80.2254 
449.426 130.899 163.14 195.808 58.6276 477.541 61.5792 340.328 374.722 151.908 230.282 88.9015 134.631 267.02 301.867 477.783 272.254 456.059 109.928 398.823 277.812 94.7374 77.3749 71.6591 147.302 294.32 427.896 83.4938 39.4048 357.586 129.427 279.023 350.08 220.431 444.596 216.489 358.175 5.92521 282.761 173.646 269.157 19.134 223.18 124.523 237.009 107.2 362.191 50.3712 125.569 198.524 
43.3646 306.711 485.781 74.244 132.963 216.456 382.589 244.144 42.0477 308.482 308.64 374.525 56.996 392.9 57.7492 408.79 375.812 322.606 259.252 353.979 483.4 135.528 349.366 471.148 423.643 302.482 218.361 87.7416 179.911 426.017 13.4271 325.481 298.659 243.561 113.654 40.1332 266.047 136.73 480.275 130.54 408.726 66.539 94.9665 218.124 385.95 491.363 234.95 225.266 163.814 250.018 
47.6166 96.2314 420.725 155.246 162.617 240.709 43.3222 53.6061 109.348 458.24 133.53 10.7051 458.612 287.619 403.293 469.281 236.291 483.487 224.275 328.431 493.711 454.991 81.5696 149.179 404.078 382.283 341.8 11.2613 124.284 224.524 120.845 241.938 147.394 377.591 205.025 142.158 122.451 468.203 98.5561 138.218 207.187 166.952 452.302 67.236 274.101 5.43912 157.025 183.691 448.74 405.392 
