35 8 33 8 50 40 38 35 5 46 24 18 36 25 47 24 11 41 43 31 15 29 41 48 43 42 24 14 19 19 36 17 21 35 49 39 13 46 47 35 22 7 29 16 7 31 38 49 50 5 
32 5 41 49 29 36 24 49 22 41 9 7 24 45 48 18 28 18 43 42 12 5 34 30 34 23 23 50 17 10 26 6 35 49 44 22 14 48 22 40 8 10 31 23 33 5 28 17 42 34 
25 25 11 38 29 50 14 12 21 37 27 46 38 44 40 14 38 31 10 25 44 21 43 24 38 45 12 21 9 42 44 39 20 31 17 7 27 49 7 46 6 9 45 18 43 29 49 44 12 44 
23 35 35 27 15 13 29 36 28 38 18 44 40 22 31 48 6 11 47 25 28 36 43 8 6 20 43 9 46 48 41 48 44 6 35 37 18 47 25 41 34 45 37 24 23 43 12 19 16 16 
35 50 42 48 32 29 27 26 17 44 7 36 18 40 17 34 49 36 7 26 15 36 34 36 12 34 50 37 19 7 8 45 6 30 49 14 34 13 31 19 36 49 46 16 39 23 32 32 41 10 
10 13 37 5 35 15 42 40 20 45 49 17 18 47 12 41 44 47 21 14 5 5 43 44 46 36 42 35 12 46 41 26 40 42 19 13 25 45 48 42 13 50 38 40 12 27 33 15 39 39 
42 39 19 33 24 15 31 30 18 7 11 6 38 44 29 17 13 17 22 41 35 46 8 32 30 16 40 5 44 46 29 21 16 11 47 12 35 14 31 43 47 20 9 43 9 16 40 32 35 19 
21 20 34 32 26 34 6 34 5 18 43 24 29 19 48 34 48 47 46 41 26 40 30 11 44 5 8 21 7 36 19 46 16 11 33 9 31 33 44 5 46 9 38 41 27 20 26 46 20 46 
8 45 12 10 23 26 6 8 49 5 39 24 41 44 7 31 20 18 6 35 14 29 6 5 44 25 7 49 47 7 27 43 7 37 49 33 15 49 39 44 26 14 23 39 50 26 30 37 48 22 
38 14 8 8 40 47 34 19 22 7 12 23 20 37 15 36 48 28 36 38 49 12 17 41 45 20 19 48 47 35 41 50 5 9 34 6 25 22 27 18 13 38 44 9 16 48 6 19 31 9 
10 41 12 50 25 43 7 31 15 20 16 10 22 30 8 38 13 32 42 21 44 46 13 33 44 37 48 5 27 36 44 45 49 34 20 11 10 12 30 10 31 30 25 12 40 6 27 14 9 29 
24 33 25 45 45 44 44 22 6 50 37 50 49 43 22 44 35 25 14 10 27 25 18 38 49 28 36 20 43 38 37 25 50 45 45 39 40 38 39 22 36 22 26 15 11 26 24 39 47 45 
43 41 44 29 50 45 19 32 42 12 32 27 6 45 40 48 16 21 42 16 28 43 42 13 33 50 26 20 43 7 44 9 6 43 17 26 48 38 40 5 26 12 10 27 34 46 38 36 30 40 
30 25 48 35 16 20 15 11 46 6 50 25 25 9 49 26 48 43 34 12 11 8 34 9 28 36 31 29 10 35 24 27 11 18 43 39 9 40 12 46 18 47 39 46 19 22 8 5 28 17 
28 50 5 35 23 39 36 7 21 41 14 35 16 9 7 43 19 32 41 30 42 46 50 22 27 18 47 22 47 31 37 18 15 46 33 28 35 19 7 14 26 12 26 43 45 41 14 34 19 18 
49 36 10 8 15 50 32 48 36 43 39 9 12 5 35 39 27 48 27 11 33 50 31 47 20 36 45 10 6 37 49 24 9 50 15 28 43 28 5 21 26 5 39 35 41 37 39 47 11 27 
38 26 29 42 13 11 12 49 10 37 19 25 33 17 22 18 8 20 31 46 41 43 38 38 11 12 35 20 7 38 30 26 42 35 9 48 16 45 23 43 12 12 39 35 7 25 28 45 6 40 
5 35 28 18 11 46 19 7 10 14 38 34 38 47 47 38 5 28 22 7 19 5 9 49 8 15 36 29 8 34 15 14 37 10 26 41 6 10 48 20 9 14 37 10 5 37 47 38 27 43 
5 38 50 44 35 24 42 46 9 9 20 20 14 16 34 5 27 22 28 30 29 33 15 20 16 43 36 39 15 36 9 31 29 6 25 5 18 8 45 27 36 13 17 31 40 15 49 38 6 38 
15 15 30 43 6 41 43 41 32 29 18 22 26 41 12 50 40 47 49 45 7 22 17 43 30 39 45 7 6 49 23 26 23 28 8 18 27 23 42 38 11 34 37 12 46 40 21 8 12 31 
17 20 9 44 39 37 48 30 33 34 34 50 16 31 32 7 9 27 19 16 24 25 43 11 42 24 8 31 27 28 47 24 9 24 48 48 23 19 16 7 28 17 44 49 14 45 50 14 39 25 
38 39 33 21 43 40 28 40 43 10 29 24 40 49 32 46 50 16 28 23 44 11 47 50 46 36 20 23 10 25 28 20 42 20 41 24 20 48 34 32 32 48 8 47 36 31 33 30 7 6 
22 15 24 26 40 8 28 8 40 27 42 30 48 34 44 31 35 34 23 45 45 6 11 16 23 6 32 30 35 40 50 10 41 44 8 45 28 14 44 19 29 13 13 23 20 20 31 42 30 34 
27 11 27 46 47 46 5 5 42 26 34 35 7 34 36 36 18 32 15 39 15 7 50 49 30 38 50 46 8 35 33 15 16 12 38 30 32 12 24 10 6 46 5 31 19 44 48 39 9 34 
26 19 38 5 47 17 32 25 38 31 24 32 15 40 5 47 15 40 38 6 40 49 38 20 27 28 39 26 31 8 5 16 41 31 9 21 48 18 46 45 21 24 24 19 42 14 30 26 41 12 
15 6 8 46 50 13 32 48 45 39 6 23 22 50 18 34 35 49 11 13 30 12 5 15 27 5 33 41 6 50 22 40 39 48 11 49 42 35 34 6 9 7 43 17 45 41 7 43 6 37 
29 49 30 22 29 45 49 27 11 20 38 44 21 16 6 17 12 40 38 33 47 41 29 27 12 14 5 19 25 9 39 41 29 17 10 28 40 35 23 38 40 46 44 47 50 15 30 19 21 21 
47 19 20 36 42 29 35 24 34 15 12 36 18 19 38 14 13 6 33 26 43 35 44 15 50 25 37 40 15 47 16 50 43 26 42 23 26 19 46 49 44 37 30 45 35 39 5 30 31 30 
18 35 11 28 40 17 49 19 25 32 42 34 47 41 17 13 6 16 26 30 42 41 29 48 13 37 42 47 18 35 49 29 30 24 6 36 33 13 44 26 37 30 48 11 49 50 34 22 35 48 
16 15 10 21 38 50 26 19 8 38 33 16 45 28 37 49 45 18 39 31 28 16 42 22 6 40 41 13 42 10 27 38 18 22 18 43 24 37 27 29 36 37 5 28 19 22 20 28 36 14 
6 15 31 42 10 38 17 8 37 31 8 24 21 34 12 27 40 47 16 5 8 49 44 43 31 46 23 18 38 19 15 44 40 46 23 30 8 12 48 19 25 31 5 48 48 46 19 17 13 17 
35 5 16 26 10 36 41 40 12 10 28 7 41 31 15 6 39 43 44 20 25 21 33 30 39 20 22 34 40 34 16 13 50 46 47 27 40 50 32 37 19 37 36 14 18 9 25 26 42 50 
6 11 20 14 25 33 17 28 48 22 22 29 42 29 48 42 7 18 10 38 48 14 14 37 24 35 19 36 46 5 41 39 23 16 38 18 41 41 37 10 35 13 25 28 31 39 34 37 20 16 
42 24 43 30 6 32 39 18 31 8 23 35 38 19 12 7 13 18 47 10 35 39 9 7 21 34 7 9 48 12 16 47 49 49 42 45 28 50 6 25 7 7 9 27 29 23 37 12 50 20 
15 8 40 30 26 29 24 38 16 12 43 40 28 10 10 43 27 44 27 18 44 43 5 22 29 50 45 50 29 35 10 36 21 24 19 34 23 43 8 9 48 46 41 37 47 10 42 35 38 30 
10 24 31 9 5 27 45 23 23 23 39 22 5 42 47 26 27 42 16 40 25 9 20 43 48 16 18 15 7 15 27 18 50 9 26 35 34 7 36 9 40 48 20 39 46 23 6 6 8 19 
32 34 6 21 32 6 38 7 42 17 45 35 44 19 48 20 10 39 38 27 42 12 27 38 16 42 21 26 22 42 8 38 30 45 44 25 32 11 14 22 7 43 34 14 32 12 9 32 45 24 
29 39 14 26 21 29 5 44 20 46 33 49 11 30 34 24 5 45 12 16 15 10 49 7 8 24 11 23 40 39 7 36 6 31 41 25 29 30 12 16 16 20 20 35 39 30 12 17 43 46 
22 17 39 46 33 37 14 19 50 17 15 32 46 23 33 46 39 13 31 37 33 5 8 36 31 5 13 30 34 36 48 20 23 19 13 14 27 28 35 18 35 7 18 40 28 28 48 23 32 8 
23 16 15 17 14 29 11 20 34 12 23 28 30 38 31 27 27 50 31 10 19 7 7 13 43 33 5 49 44 13 6 23 35 14 48 20 17 22 31 12 41 37 34 33 5 43 23 44 7 14 
20 46 37 50 34 35 38 33 18 11 45 22 24 20 37 46 10 26 36 45 45 12 50 48 45 50 50 50 25 49 26 39 38 49 49 34 13 13 35 7 45 44 14 28 44 42 25 26 48 15 
5 20 24 12 11 50 40 20 46 8 5 39 13 22 17 7 26 33 38 36 20 7 10 36 29 41 37 27 20 22 37 12 13 13 7 33 34 28 44 40 9 43 39 34 33 43 50 5 46 5 
45 38 41 44 29 30 42 23 35 31 38 40 48 32 37 40 6 22 44 10 36 42 31 37 37 47 27 35 17 42 6 23 5 13 20 14 18 35 30 49 20 6 41 40 20 23 5 18 28 19 
9 38 35 46 48 31 44 9 8 10 15 34 36 32 13 9 13 50 37 26 9 25 6 24 40 7 27 40 9 23 45 27 50 31 31 23 7 6 26 34 6 46 24 13 17 12 41 50 23 11 
21 11 14 5 15 21 31 40 27 23 12 27 43 12 14 38 40 16 28 12 14 15 46 15 26 19 33 43 9 29 8 13 30 45 5 10 16 10 13 26 48 29 38 29 24 40 23 46 48 28 
26 39 26 21 31 40 12 46 34 29 23 36 46 46 46 36 19 16 26 19 9 20 32 43 14 12 15 38 25 20 26 46 15 27 10 8 31 32 19 44 5 42 9 17 42 10 6 29 39 16 
19 5 23 38 28 15 36 18 19 30 33 27 42 15 23 40 49 18 34 26 41 22 5 11 14 35 31 23 48 14 7 8 49 40 27 20 18 25 25 43 37 39 14 45 11 13 17 25 42 45 
45 16 9 36 24 26 37 31 25 21 47 16 46 39 35 22 48 15 15 48 40 25 37 5 27 38 21 30 12 47 34 21 36 33 12 15 11 5 37 21 39 49 34 37 13 30 10 50 28 8 
26 25 48 14 24 21 27 24 10 17 49 10 18 40 32 39 44 30 10 26 43 15 20 7 33 46 50 17 33 20 47 32 16 32 11 6 25 33 30 32 5 26 50 23 21 35 7 19 13 11 
46 34 23 38 38 34 12 22 33 23 40 47 37 37 42 24 15 5 12 50 45 34 21 11 29 17 42 38 12 47 25 23 22 19 12 19 39 37 50 14 6 42 6 23 14 44 40 48 50 26 
