16 5 7 32 41 47 30 33 47 45 8 32 16 39 47 27 5 8 42 38 39 32 30 11 47 35 19 30 36 22 49 23 20 16 34 24 26 35 49 25 38 28 29 37 48 21 20 12 14 17 24 28 36 46 31 41 49 50 36 35 37 14 17 16 39 23 21 8 27 21 21 10 29 15 46 36 47 29 32 19 49 30 40 40 29 29 18 43 9 34 11 13 38 45 21 9 21 10 31 20 
36 35 24 43 34 30 40 38 42 33 36 6 42 12 41 31 5 6 35 23 14 26 26 18 31 12 50 18 45 50 42 22 34 19 24 28 44 6 43 6 34 19 20 10 7 18 18 50 37 21 6 32 47 17 32 35 48 44 49 29 49 27 41 43 32 28 5 25 40 9 48 19 35 42 48 22 41 31 45 19 39 28 35 29 22 35 36 12 5 11 43 14 20 34 30 21 19 7 49 43 
12 38 45 25 36 18 36 48 30 17 22 19 43 16 20 5 22 21 19 15 12 19 46 36 32 19 20 5 28 23 24 18 17 16 22 35 6 43 13 6 49 17 48 49 17 13 26 11 14 9 33 37 49 18 20 10 41 15 34 27 43 6 19 20 46 12 30 39 29 21 47 37 25 13 24 19 37 29 6 25 45 48 28 49 47 23 20 50 34 50 46 40 6 15 34 18 24 44 25 5 
24 39 40 14 32 11 44 26 45 9 41 14 12 12 39 39 48 34 6 46 14 29 38 13 42 23 19 7 22 31 7 43 40 47 36 36 33 41 14 37 29 30 22 49 11 10 7 28 50 49 33 38 43 30 46 47 50 28 30 44 15 44 34 13 7 44 41 10 39 27 31 31 7 14 40 14 19 24 46 40 6 36 38 15 23 35 48 16 9 13 39 5 28 50 46 6 46 5 29 41 
48 17 17 41 6 28 27 20 39 15 48 19 43 26 15 12 16 24 7 14 50 19 17 13 25 21 10 15 46 35 31 22 42 25 49 8 42 6 40 44 45 37 15 32 6 25 49 16 41 39 43 30 15 23 46 34 23 40 9 42 40 7 24 21 37 45 14 33 40 8 20 46 32 42 49 38 16 10 24 12 17 31 27 12 22 35 40 22 32 7 24 50 19 14 50 39 11 16 33 31 
45 50 42 44 11 49 17 5 47 21 17 5 6 9 18 10 46 7 35 22 16 35 14 13 22 19 14 14 11 40 6 48 38 19 26 44 10 46 9 38 13 15 7 43 49 18 14 10 50 25 17 47 41 39 30 27 19 45 26 20 39 22 6 38 37 23 30 42 15 21 24 41 20 29 11 45 44 43 44 22 47 9 44 48 24 44 33 19 45 11 21 44 6 10 11 42 42 22 24 37 
41 9 44 44 37 29 5 22 23 19 40 43 19 38 14 32 9 31 39 19 24 20 40 49 37 35 12 42 45 45 14 28 46 27 34 35 11 31 44 26 20 18 39 46 47 19 40 25 21 38 22 19 28 49 7 9 43 46 22 15 44 31 12 22 24 13 30 28 14 41 32 34 28 39 47 48 22 15 42 5 15 39 39 16 22 25 31 33 38 37 10 49 18 9 17 23 14 5 31 41 
20 24 46 16 14 5 43 50 39 39 38 26 32 6 36 48 43 45 6 28 20 11 50 21 20 10 43 14 23 10 19 40 23 49 47 36 24 31 7 12 13 10 31 14 42 12 10 38 42 49 16 6 47 15 18 45 36 7 19 36 39 43 28 50 37 33 32 21 21 25 42 11 31 22 33 5 47 37 34 30 37 24 48 23 34 16 32 32 23 47 30 23 29 40 18 27 22 49 18 5 
5 33 9 8 44 30 38 26 35 36 29 37 15 26 33 20 36 47 30 23 5 39 46 21 32 10 46 49 44 25 41 45 30 44 17 46 29 26 45 25 41 26 23 46 6 41 5 46 27 20 38 46 7 14 29 5 25 37 25 11 47 23 37 21 32 26 12 22 37 24 27 36 18 26 23 9 9 34 31 30 5 16 44 6 46 6 41 21 48 20 11 14 37 29 19 27 24 21 20 40 
25 9 6 50 18 35 14 37 21 23 47 29 7 5 44 38 35 27 24 37 35 7 11 22 14 34 12 31 33 45 45 15 48 46 8 16 25 9 12 44 18 10 11 46 9 30 44 38 18 47 47 14 17 48 48 47 44 32 33 22 48 7 49 39 7 8 38 23 21 44 13 5 21 31 22 23 7 40 6 50 26 33 36 12 28 28 6 38 8 25 7 24 10 42 9 30 13 5 27 48 
28 9 21 37 43 24 12 47 41 29 10 16 29 38 30 25 8 21 17 34 6 9 35 9 32 19 42 42 11 25 47 36 48 15 48 24 8 35 42 38 48 40 14 35 24 39 36 30 9 32 50 5 34 37 38 27 29 34 13 50 31 16 6 23 10 48 23 9 21 10 11 13 45 25 43 22 14 34 24 5 7 9 26 43 17 48 43 32 10 40 33 23 35 23 45 37 34 23 33 27 
32 40 11 31 25 16 32 40 6 25 19 36 46 35 8 22 26 47 44 46 45 41 34 35 21 13 10 12 19 44 9 40 10 47 30 49 16 13 8 42 29 27 40 41 36 15 37 11 21 35 47 11 37 16 8 23 10 10 38 25 22 39 17 13 33 45 11 23 36 23 11 6 43 15 16 32 41 10 35 27 50 7 18 36 44 45 14 9 43 40 44 28 33 22 38 5 15 43 23 23 
5 26 20 39 31 28 41 20 21 12 37 27 23 46 7 50 43 18 9 22 27 40 36 6 44 8 36 39 8 16 27 5 33 14 9 45 43 20 41 16 43 30 45 40 14 33 48 24 21 35 28 6 5 14 41 45 28 37 5 31 17 16 30 26 11 24 25 23 29 9 26 37 24 34 44 48 9 28 26 30 33 29 44 15 7 18 44 24 48 8 36 29 26 19 30 10 15 21 28 7 
22 34 13 41 35 48 41 9 30 7 12 29 30 32 16 38 45 39 14 40 45 29 16 10 31 28 28 25 14 27 40 33 31 20 42 13 40 15 11 35 16 6 32 28 26 44 38 48 42 5 27 37 21 15 11 47 39 34 6 28 47 38 27 50 46 42 5 40 24 21 13 45 45 44 47 18 15 16 40 30 50 30 23 27 6 9 15 7 7 8 34 10 41 11 8 47 27 13 19 24 
24 17 48 19 17 45 49 46 7 36 10 15 30 30 26 23 40 17 15 6 21 23 41 24 29 36 9 17 35 13 5 17 33 13 12 36 46 44 31 41 24 50 32 45 24 16 35 41 9 6 47 20 14 25 46 26 39 36 44 11 10 15 44 27 16 39 9 13 31 44 38 12 12 42 23 6 30 45 46 13 32 49 12 33 31 32 32 49 9 6 45 13 19 20 11 46 10 7 30 14 
24 13 9 27 5 32 22 21 38 18 10 35 21 50 35 17 17 30 20 29 31 16 29 23 20 30 19 32 18 44 38 14 24 31 6 17 25 30 29 12 12 40 17 18 47 26 10 31 9 20 29 38 20 19 31 43 25 42 12 18 17 37 35 48 50 20 10 38 18 33 17 29 17 31 20 28 46 27 23 15 49 38 28 31 45 8 15 34 30 7 13 39 9 26 5 34 12 33 6 49 
19 29 21 18 45 46 26 28 43 19 29 13 13 21 47 9 35 33 22 10 33 15 21 28 21 12 20 34 39 20 45 23 34 19 26 38 8 42 5 41 21 42 9 36 9 39 23 46 18 24 38 24 32 27 48 27 11 6 22 18 22 46 40 35 18 7 37 24 17 36 21 18 37 22 15 6 11 45 34 28 9 37 21 36 18 47 22 16 21 26 21 10 19 35 33 48 6 8 39 13 
16 33 39 11 20 30 19 20 26 12 7 48 19 15 31 32 9 42 47 32 32 14 17 14 16 44 13 13 7 10 22 28 23 47 18 5 18 49 31 34 33 17 44 28 20 13 5 37 43 36 41 13 45 23 24 7 41 19 13 12 45 41 43 22 33 30 28 44 26 30 40 32 9 47 27 18 9 19 32 26 50 41 21 34 31 33 17 40 9 31 9 27 15 7 40 15 38 36 5 5 
42 29 33 45 33 15 23 14 23 37 39 22 25 31 24 39 10 6 33 31 43 38 17 42 46 42 45 40 34 23 27 32 17 32 44 35 50 42 17 32 37 25 38 22 23 20 20 24 45 27 9 7 16 28 45 11 29 37 41 19 42 7 8 49 8 9 49 39 39 48 49 33 33 7 7 29 39 31 46 43 31 16 43 11 25 38 14 22 22 50 25 23 44 16 10 9 16 34 8 36 
12 35 10 32 30 7 38 17 10 14 44 28 38 17 35 24 26 37 50 47 11 25 49 45 50 14 24 16 29 44 47 28 34 17 18 16 13 28 34 11 38 50 34 20 41 33 25 8 27 47 36 17 45 34 39 37 10 8 49 42 47 8 20 39 32 36 30 18 29 28 27 28 21 28 34 48 19 21 25 47 24 32 9 34 47 34 7 29 12 45 37 49 25 21 35 46 7 39 30 36 
37 39 39 49 47 46 38 15 16 24 21 8 16 46 36 46 41 13 22 28 15 6 28 7 50 13 25 48 9 8 47 32 31 30 31 21 16 38 41 24 33 49 5 33 17 22 37 50 50 27 10 34 48 46 8 25 17 19 15 45 50 21 16 44 29 29 30 17 8 31 11 11 15 20 43 41 27 26 23 27 43 20 19 29 19 43 10 34 38 13 42 12 17 43 46 35 38 17 25 8 
32 47 10 45 20 33 10 33 19 7 11 8 6 21 12 28 24 22 10 50 31 23 22 34 49 46 38 35 22 44 17 42 42 14 23 7 32 40 44 28 16 18 33 31 9 13 26 9 46 46 9 30 6 42 46 26 34 21 10 45 39 7 32 38 31 43 18 21 39 6 41 34 29 43 28 8 50 29 8 37 41 16 10 7 7 15 16 49 41 6 5 22 22 23 39 25 34 31 41 13 
18 16 6 8 33 14 32 14 16 16 36 7 26 44 33 38 42 12 25 23 29 5 13 26 5 7 15 34 12 8 44 8 26 48 18 23 15 30 44 5 35 26 5 13 35 33 10 31 9 24 34 25 21 25 23 31 48 28 38 16 25 27 15 49 39 10 15 49 48 32 18 18 29 6 37 35 5 46 19 24 14 33 24 35 11 23 23 19 20 18 35 22 40 5 22 14 48 5 10 34 
29 48 46 13 36 27 14 16 17 35 23 42 23 17 15 36 17 14 24 40 40 41 46 23 29 10 6 13 19 9 35 28 39 21 41 22 15 12 16 36 16 10 28 31 12 29 21 49 31 22 10 10 8 6 16 49 21 50 12 13 23 7 10 9 40 39 27 40 20 38 10 20 24 12 31 10 14 14 12 36 15 34 23 19 18 7 15 31 49 25 31 27 40 27 18 34 25 12 7 23 
22 22 12 33 14 46 31 36 50 40 29 40 30 44 18 8 17 33 32 33 37 39 37 10 22 30 30 26 5 21 5 12 32 30 12 26 30 21 19 22 34 36 27 24 40 29 41 39 36 44 30 28 33 35 16 36 44 18 9 24 46 23 43 32 40 32 13 40 47 48 21 11 13 18 37 12 47 36 49 12 15 45 6 8 8 10 42 5 9 7 13 27 49 50 16 44 7 26 24 14 
40 10 21 13 46 17 41 12 27 38 46 46 50 39 42 6 7 27 29 26 40 20 9 10 50 42 34 23 50 27 44 22 48 22 37 34 32 28 31 6 47 45 9 35 12 37 25 33 38 12 21 6 32 22 50 33 31 6 9 23 35 6 21 36 40 19 30 27 22 19 33 42 14 22 30 21 29 36 47 29 19 37 7 23 45 22 26 14 50 45 12 16 48 49 12 36 36 14 18 21 
49 8 14 48 26 37 25 19 41 11 46 32 37 30 16 43 26 16 24 48 45 31 9 6 29 32 37 34 25 35 39 49 29 42 25 23 31 15 31 20 26 26 13 8 37 36 31 6 20 28 21 19 34 30 14 26 24 9 22 24 16 45 19 27 20 22 23 19 34 20 12 21 48 13 37 40 19 44 30 47 31 9 30 26 9 9 22 22 5 48 18 15 39 50 16 23 40 34 38 21 
11 7 11 6 28 36 42 40 5 11 41 23 7 7 39 32 20 12 35 47 50 38 20 37 18 9 11 41 28 27 38 38 7 46 17 35 6 31 26 21 45 45 38 25 7 39 11 44 21 8 17 27 18 21 22 13 26 48 5 31 18 25 34 39 12 32 7 46 48 12 17 28 11 21 35 37 29 46 36 32 23 47 9 26 12 13 10 6 20 43 50 24 32 49 26 6 49 40 41 50 
40 27 33 43 32 17 42 15 30 8 20 36 37 38 23 17 39 40 8 46 10 40 49 36 31 14 13 24 29 13 36 28 22 42 7 11 5 12 15 45 22 6 50 10 45 17 44 16 41 39 18 5 36 43 6 46 32 7 23 29 38 8 49 13 34 25 41 42 21 26 19 32 23 17 44 30 15 13 43 5 32 12 20 48 40 6 19 48 27 7 11 36 23 9 29 42 9 13 37 43 
15 12 37 33 49 17 45 12 21 50 30 47 16 44 10 30 36 6 21 28 20 37 43 25 42 22 6 14 11 31 34 13 26 38 40 48 38 9 42 8 20 13 33 16 39 27 10 40 15 42 42 26 32 13 19 19 50 21 19 41 8 26 15 33 16 26 39 39 27 18 39 10 40 24 24 17 17 20 41 15 40 48 31 48 8 49 17 6 43 40 25 16 6 12 15 13 29 33 24 30 
11 20 12 12 9 27 31 32 22 21 6 43 39 47 43 8 49 10 47 42 39 23 41 13 32 11 30 24 44 10 22 13 39 46 29 26 11 19 49 33 27 48 50 24 24 33 33 49 5 12 12 37 6 49 26 29 30 45 34 42 44 37 16 37 47 24 33 32 29 38 12 27 40 11 31 48 31 14 45 33 29 41 50 18 32 49 43 38 34 21 32 9 10 34 49 18 43 45 16 26 
18 6 44 25 47 48 16 15 10 25 22 20 34 5 14 13 47 45 37 40 42 37 28 7 43 13 47 33 43 5 47 40 12 29 20 50 7 45 31 5 12 44 28 47 47 23 33 47 18 13 27 49 6 39 11 20 36 6 10 38 35 33 38 43 41 26 35 24 28 22 49 8 20 41 32 33 40 37 21 39 18 28 17 26 40 20 38 48 7 44 26 35 24 9 46 31 16 38 35 48 
41 6 14 36 30 17 18 28 45 19 45 17 27 35 38 38 21 16 29 15 5 11 26 38 21 33 49 47 8 10 29 14 15 22 24 17 33 43 34 28 25 47 16 48 27 21 41 46 24 16 48 5 42 6 47 25 47 10 17 7 38 29 13 36 50 16 33 23 21 25 20 22 38 27 33 7 46 31 5 39 12 35 11 6 27 28 17 7 22 17 30 19 23 7 32 5 5 45 26 11 
16 18 19 43 5 8 35 21 22 20 44 15 43 13 17 36 25 12 44 20 24 10 29 12 26 50 20 32 43 40 21 41 33 48 40 24 17 16 10 31 24 10 17 43 21 16 25 18 29 41 37 33 12 36 17 49 12 38 35 15 32 22 40 49 23 32 5 26 14 16 36 36 11 37 31 35 14 50 17 40 32 30 8 29 30 25 10 38 29 18 6 42 6 48 8 21 49 27 39 21 
29 23 44 25 8 6 32 37 41 7 14 18 49 21 45 43 10 39 19 20 19 15 33 23 10 40 15 14 42 13 43 7 28 26 47 37 11 25 16 23 13 50 11 32 31 13 19 11 18 46 37 9 31 30 26 41 22 27 35 34 19 50 38 9 31 5 40 23 14 32 42 9 26 12 36 30 43 18 5 41 44 28 14 20 42 13 16 27 10 6 45 11 25 24 21 9 45 23 26 24 
49 49 37 10 50 46 36 9 45 18 47 50 16 43 30 38 42 17 24 35 50 33 17 26 5 17 31 17 8 38 35 21 33 7 47 23 48 24 23 14 23 43 23 23 44 10 18 7 16 23 35 37 12 24 27 28 26 17 22 17 10 5 37 7 43 30 14 36 49 44 46 31 47 50 5 17 37 46 34 38 37 44 35 36 50 30 16 8 29 39 41 16 25 30 45 23 19 30 14 37 
31 47 14 23 11 19 49 16 19 46 19 28 36 10 36 10 30 44 11 5 37 40 32 48 21 26 38 28 31 15 11 30 37 41 27 49 25 42 34 17 27 48 21 48 26 6 20 38 20 40 42 35 29 30 15 23 9 43 50 18 41 26 23 23 46 5 22 24 33 7 45 14 19 29 21 21 18 22 13 29 49 38 12 41 7 48 36 48 23 36 47 6 41 41 10 26 21 15 7 5 
47 48 25 44 25 48 33 37 15 9 49 20 28 30 40 40 18 31 31 17 33 45 23 6 45 47 36 36 30 21 45 17 40 21 37 8 25 24 32 41 30 36 17 43 30 6 29 28 25 15 28 11 24 11 12 39 25 16 41 27 10 7 48 19 8 13 7 48 34 11 20 7 34 29 34 18 43 43 30 10 5 49 38 7 40 32 39 19 22 20 5 44 13 50 44 31 45 48 36 41 
27 17 31 32 39 36 14 23 29 40 31 27 46 23 36 46 50 28 39 46 11 26 39 42 23 26 30 30 37 28 50 7 17 17 34 30 44 45 36 28 45 39 5 42 10 48 6 14 43 37 22 42 29 21 22 49 44 5 48 41 22 46 30 49 24 6 49 44 47 35 47 30 20 40 20 40 17 14 18 32 13 28 16 29 43 34 16 18 39 29 47 45 10 38 11 30 23 16 23 20 
27 34 50 32 38 20 31 37 48 37 10 18 34 47 26 22 35 24 16 31 49 32 36 20 40 42 8 35 7 49 9 6 13 11 9 35 17 24 18 12 13 32 45 34 8 14 25 46 23 28 24 34 17 27 27 23 50 35 12 5 8 32 18 13 31 41 18 42 23 23 29 48 8 13 14 29 6 14 27 17 25 24 33 27 6 45 18 33 30 48 29 16 14 36 45 47 10 10 15 14 
13 10 15 36 19 47 32 25 24 42 14 23 11 10 46 24 25 42 41 9 22 7 44 34 10 40 21 45 28 50 30 11 35 50 10 15 35 33 5 35 16 22 14 20 7 16 23 41 8 18 20 43 11 23 8 49 24 14 21 13 10 18 48 7 33 25 22 47 39 13 46 34 34 34 42 21 21 9 50 45 49 21 41 30 33 40 45 44 29 17 32 23 50 21 42 27 35 19 23 22 
41 35 47 45 6 14 11 46 17 11 35 42 50 20 30 50 39 38 43 33 19 11 8 24 49 43 28 37 17 18 39 10 8 15 10 29 8 21 44 42 34 44 17 6 6 41 18 45 8 9 7 20 29 42 13 16 16 22 27 37 22 29 36 11 32 25 40 50 21 45 5 36 48 14 20 11 38 28 46 31 19 29 8 21 49 13 39 50 16 8 14 8 6 25 7 28 30 19 17 35 
20 47 39 9 36 45 11 26 29 31 33 50 26 21 46 7 30 40 15 35 38 10 32 46 47 14 27 42 7 21 26 37 10 31 30 24 11 18 28 23 23 46 33 49 49 12 14 39 40 13 23 32 39 25 16 19 24 17 38 24 24 39 23 31 18 16 48 37 40 31 31 8 10 36 38 17 12 7 39 11 19 33 35 11 18 16 6 28 36 12 38 22 49 24 42 29 38 22 8 15 
24 9 49 40 16 48 39 24 44 37 7 25 31 23 47 16 48 39 28 43 29 31 39 15 35 31 24 41 25 31 33 11 32 15 16 40 42 12 20 45 37 27 15 48 8 42 24 20 15 40 10 48 10 29 6 35 13 18 26 21 28 31 6 18 50 40 36 30 30 6 25 33 27 44 30 46 9 48 45 7 30 21 46 25 24 15 16 46 36 45 25 19 35 32 27 22 41 11 15 50 
13 16 39 7 18 8 42 11 8 33 21 34 18 46 44 17 6 24 24 41 7 40 43 17 6 26 30 41 26 45 41 37 37 9 37 8 36 27 45 48 37 29 27 36 38 36 19 34 8 13 10 8 13 21 27 49 50 20 19 21 47 50 43 13 36 10 11 5 18 12 35 41 20 37 49 28 15 12 30 40 13 25 10 10 9 38 38 9 27 17 46 38 33 16 42 44 39 15 11 13 
16 14 28 9 9 24 20 11 25 41 37 45 27 34 40 39 17 23 46 45 50 37 29 33 5 37 10 18 46 48 50 10 25 35 37 31 22 14 19 36 41 27 16 38 23 14 35 5 28 21 47 13 13 27 19 14 25 24 16 22 14 6 15 25 47 38 18 25 20 44 5 35 24 45 29 26 6 45 18 23 9 10 37 9 11 24 10 32 38 38 32 46 23 47 16 36 35 24 41 11 
45 48 7 29 25 23 14 41 48 23 12 25 12 15 34 43 36 39 6 48 36 7 23 40 27 34 5 43 14 16 45 33 25 16 34 23 22 47 32 38 34 38 26 25 8 30 17 5 10 28 33 22 11 42 46 14 34 30 10 33 24 8 40 9 43 47 10 8 44 9 20 27 35 50 49 6 20 10 15 20 14 36 35 35 6 10 43 26 36 32 46 20 39 26 19 13 9 34 14 39 
35 25 48 27 7 22 5 8 48 8 10 32 23 11 12 23 33 24 29 12 13 33 24 36 43 20 26 38 30 40 37 17 26 13 37 23 29 50 29 13 28 18 49 34 45 49 36 28 9 44 7 23 27 21 19 32 39 42 31 47 21 14 24 5 9 45 38 10 5 11 30 26 30 8 41 23 21 49 8 22 31 6 46 34 46 17 24 19 35 14 6 19 42 50 13 50 20 7 24 38 
9 15 47 11 18 47 45 45 6 36 43 29 35 47 13 39 5 23 27 50 23 43 12 50 26 18 33 12 35 37 49 27 48 15 50 12 14 12 13 9 5 14 8 39 25 19 11 12 35 50 9 33 21 26 35 40 21 34 44 7 49 37 10 36 34 22 47 50 31 31 10 8 43 23 21 19 20 29 29 10 42 41 32 23 35 45 37 50 11 20 14 15 31 27 13 49 42 47 29 45 
16 5 10 43 7 34 25 14 40 49 24 17 45 15 16 42 39 31 24 46 24 18 18 19 21 27 5 15 36 23 49 24 13 23 37 41 32 5 14 27 12 16 41 17 7 30 48 23 33 31 17 8 27 49 10 26 30 34 36 28 5 16 17 33 14 7 50 26 5 49 33 15 32 14 13 27 46 5 11 15 47 8 41 38 29 30 43 48 33 40 23 42 27 21 40 20 6 18 45 28 
25 43 19 28 23 50 26 22 25 5 8 22 20 10 46 31 18 12 46 24 44 32 26 39 6 38 36 36 20 47 5 12 40 33 35 50 47 13 49 24 25 7 16 40 37 9 26 31 20 15 5 32 47 46 15 20 37 47 9 20 24 11 36 11 37 37 27 44 10 28 34 42 34 35 9 14 20 30 12 24 47 35 45 21 21 45 39 45 40 50 44 5 39 10 28 30 28 31 14 40 
40 29 48 28 15 25 47 5 16 47 29 20 36 20 13 49 42 6 38 32 23 16 42 36 42 7 29 12 39 25 24 14 32 16 45 36 46 41 24 45 32 6 16 28 6 23 25 31 43 42 40 25 30 17 5 11 11 34 15 22 20 9 21 50 39 23 49 40 8 32 40 41 22 10 36 27 9 25 30 48 24 6 50 37 36 22 14 28 18 16 29 16 12 40 26 45 45 43 30 8 
40 34 17 44 11 12 6 28 47 19 21 13 47 37 27 48 36 18 37 8 8 26 26 7 32 18 5 25 23 35 45 38 5 18 19 50 48 33 9 27 35 14 5 26 42 11 5 28 33 22 31 34 22 6 26 15 32 12 35 31 23 34 41 21 39 19 12 22 34 22 5 38 44 20 26 9 7 44 18 7 35 11 50 29 36 5 17 13 25 17 49 43 42 19 39 5 47 47 31 18 
23 37 12 45 45 49 19 45 34 25 16 31 5 34 29 8 33 46 12 48 30 31 21 50 38 30 28 49 17 18 44 34 45 6 6 27 31 13 8 15 25 5 35 37 39 49 9 42 6 8 45 37 17 19 25 26 20 5 49 14 6 37 49 26 26 46 18 17 43 20 31 42 14 23 46 24 20 36 18 43 43 49 38 35 24 13 31 42 19 6 33 19 32 35 14 25 11 12 20 25 
32 35 12 27 46 21 10 17 19 48 6 30 44 31 45 35 27 28 8 44 31 40 35 22 46 22 27 50 24 11 11 21 6 23 50 43 48 30 28 15 27 7 50 27 45 15 44 22 26 45 18 36 28 39 9 49 38 28 18 29 30 33 22 17 20 8 16 43 29 50 11 14 46 36 44 45 18 46 34 18 27 48 11 34 5 24 50 47 36 36 8 23 47 20 13 22 22 40 38 6 
36 44 28 26 38 10 17 38 44 47 20 14 40 28 10 23 19 18 12 24 50 5 20 49 29 14 10 31 33 44 26 8 34 37 10 17 48 39 22 50 29 50 17 9 42 10 6 48 47 15 28 20 21 46 14 19 41 15 20 48 27 12 22 35 39 41 30 13 37 35 23 12 50 20 10 42 13 35 14 6 35 40 47 43 10 44 25 49 23 9 16 8 22 13 25 50 19 37 41 16 
19 38 33 6 21 14 13 48 39 41 10 37 28 5 26 29 43 14 26 36 19 43 8 41 42 10 23 38 5 11 34 26 13 33 50 27 31 48 13 13 18 47 34 7 5 44 48 14 40 33 26 17 23 13 42 10 16 12 18 8 41 5 35 29 47 42 17 14 39 12 22 26 11 19 41 31 25 15 39 49 30 34 41 49 35 24 7 10 28 6 48 39 39 40 6 8 43 33 32 8 
37 36 15 40 24 36 20 38 46 41 41 39 36 32 25 9 28 6 39 34 43 46 11 19 11 21 5 48 37 47 32 8 47 24 31 20 15 19 30 6 43 10 29 49 12 24 40 30 43 21 42 42 20 32 31 45 11 49 23 26 37 6 33 36 35 47 42 5 31 19 6 32 27 18 9 16 29 25 17 20 25 15 20 31 12 18 13 5 17 30 8 13 24 46 27 15 9 43 31 35 
11 22 26 40 42 17 9 25 41 44 14 50 48 13 32 19 41 48 20 11 38 42 45 33 18 8 45 49 39 31 38 39 25 22 12 33 49 12 31 18 49 10 41 23 17 41 29 49 25 26 20 29 22 28 10 32 39 33 7 22 21 37 37 21 48 23 42 41 39 47 38 12 50 14 16 30 28 34 20 24 26 49 7 45 39 16 34 48 27 26 50 5 39 7 7 44 11 33 38 23 
35 17 32 20 18 25 22 28 22 34 21 40 28 18 48 17 44 8 32 44 45 16 11 32 18 23 48 38 45 32 46 39 22 13 49 31 50 42 49 13 39 23 17 21 8 24 47 44 10 46 41 5 7 31 20 48 20 8 38 20 43 50 48 6 32 20 37 49 22 29 24 6 25 16 15 38 21 13 48 32 32 18 18 44 8 34 6 35 5 23 42 13 32 43 35 27 22 29 10 9 
42 24 12 41 38 42 9 50 26 39 41 42 36 38 16 27 10 41 29 5 45 6 31 44 7 7 17 20 44 45 22 44 33 15 43 27 44 26 5 40 37 24 32 11 20 35 35 48 46 22 45 38 5 39 11 15 32 15 45 31 16 6 6 49 50 42 30 34 27 50 39 9 22 48 33 29 40 5 46 21 12 39 44 18 20 50 20 45 14 6 23 31 27 13 29 22 15 6 31 47 
20 42 38 44 29 5 26 37 29 47 20 32 11 33 36 39 15 12 34 6 28 13 25 25 18 40 17 41 46 42 21 9 16 20 28 34 15 26 6 34 11 30 45 44 34 41 31 50 38 35 48 8 50 10 44 11 48 7 24 6 43 33 10 17 19 39 13 10 39 12 27 46 35 43 30 45 14 22 14 7 38 50 14 31 6 31 26 9 48 27 5 10 22 35 17 24 22 13 6 49 
18 29 33 49 46 20 31 21 18 15 27 26 5 5 6 43 28 45 50 5 28 13 35 42 46 50 44 21 24 41 31 26 13 29 7 23 31 49 47 39 34 38 35 36 19 33 9 13 14 15 8 29 12 5 30 26 38 40 8 47 9 16 43 6 13 7 37 20 43 6 20 13 19 42 19 11 38 7 28 31 26 28 25 17 5 23 5 38 29 26 12 39 28 46 16 33 17 32 17 37 
18 15 25 11 9 6 42 15 20 22 33 23 23 32 25 17 9 34 49 49 15 20 41 15 35 24 10 34 10 12 49 44 33 21 49 25 13 37 16 32 46 49 14 44 21 27 49 24 6 21 6 49 15 33 42 15 43 35 42 36 23 38 22 30 43 39 37 18 24 9 18 21 35 22 46 23 21 13 20 14 14 45 19 6 33 14 50 12 13 32 15 29 38 26 23 50 18 30 36 44 
48 37 27 39 33 9 12 12 8 8 50 38 5 35 34 21 28 49 30 47 21 33 40 26 6 9 42 28 40 46 11 29 14 29 43 16 50 16 15 9 42 35 27 9 6 13 36 48 12 6 13 15 50 25 38 13 47 25 31 16 21 12 35 41 10 10 28 33 17 17 46 33 48 17 50 23 38 48 12 20 33 9 42 24 29 27 12 17 32 40 37 37 39 33 20 20 42 20 36 17 
14 47 40 37 28 36 22 21 43 48 45 12 43 14 19 25 36 44 11 28 20 22 43 17 19 15 9 5 43 17 22 26 31 14 38 33 48 39 39 11 9 36 42 30 31 43 8 33 45 13 41 29 22 15 23 29 5 38 13 34 48 26 24 38 49 32 17 44 37 37 22 45 42 27 10 13 5 8 42 48 35 35 42 23 29 30 20 21 21 25 27 14 49 10 36 15 30 28 11 20 
17 42 47 6 37 49 35 8 47 24 42 29 20 48 35 26 34 16 19 38 47 23 29 13 27 48 23 15 9 10 36 10 43 45 48 8 37 11 29 28 40 42 27 10 40 17 9 50 38 22 46 33 20 17 41 31 6 15 50 30 13 35 30 14 43 48 11 38 36 41 38 8 35 36 39 13 37 5 29 32 42 12 34 49 46 37 41 48 37 13 23 5 47 27 16 31 14 16 9 17 
11 47 38 42 35 9 45 12 11 26 47 44 5 15 48 50 8 44 31 40 39 19 27 43 36 44 48 22 7 9 44 20 41 35 34 49 47 24 8 37 21 43 41 27 42 47 43 19 28 18 40 46 39 45 5 50 28 49 45 16 40 18 17 6 35 12 7 24 46 36 30 7 50 39 30 48 28 50 19 10 17 50 16 28 12 15 24 47 11 24 27 39 23 10 23 26 44 32 35 22 
23 15 33 42 42 20 13 6 28 15 44 42 27 28 16 37 5 15 14 36 15 34 47 48 35 14 17 16 23 19 29 12 15 30 50 35 47 18 44 41 36 39 35 43 39 39 21 22 50 49 41 14 6 50 14 28 34 7 23 44 11 9 25 16 46 38 18 46 8 48 29 36 38 33 11 10 32 11 35 23 33 24 18 24 18 25 39 23 17 29 31 6 5 32 21 48 33 10 13 24 
41 47 10 38 28 19 18 29 43 46 5 40 40 45 6 47 27 31 15 32 28 42 27 6 20 24 46 36 12 34 24 24 12 25 33 42 28 18 32 45 29 43 49 45 43 16 28 49 6 50 33 5 12 27 12 28 14 49 34 45 34 16 24 26 21 49 21 26 46 36 27 30 8 21 20 47 18 7 29 34 5 49 28 48 50 50 25 20 17 11 49 5 27 8 31 8 39 22 42 46 
19 22 16 36 43 35 49 9 7 19 18 43 22 13 36 49 5 27 39 9 45 17 48 8 22 35 44 44 50 21 48 49 25 34 28 48 17 34 37 30 13 38 26 49 35 33 11 6 48 19 32 35 39 18 44 38 32 46 5 49 41 8 26 17 25 8 23 29 24 24 43 16 13 19 27 36 44 50 35 23 12 26 35 9 8 26 43 10 12 12 10 31 23 17 35 34 50 5 11 45 
44 42 11 23 32 14 50 30 19 17 6 7 23 15 21 30 21 41 11 42 49 38 28 42 15 18 38 17 30 33 41 42 36 18 16 21 37 49 9 29 19 26 26 29 42 5 5 31 5 41 45 11 41 48 49 45 22 26 37 39 8 14 41 48 15 33 20 36 12 44 47 43 9 49 49 22 38 28 41 23 31 18 14 17 30 34 20 13 9 42 48 23 29 18 6 43 23 45 23 46 
29 6 14 13 34 29 33 17 13 25 43 44 20 18 18 16 22 33 47 5 44 34 20 22 15 15 43 50 14 16 17 37 35 14 26 45 33 31 49 29 36 47 42 48 47 16 15 23 12 19 21 49 32 39 49 15 23 36 46 46 31 29 14 14 33 19 35 48 29 32 48 34 19 26 31 14 29 40 31 35 39 41 42 39 29 10 41 29 19 32 21 12 8 42 42 19 44 21 42 13 
42 38 14 13 45 49 36 9 48 32 5 25 43 16 41 8 28 11 8 22 17 46 13 13 40 32 8 36 29 28 25 46 25 9 47 37 33 29 48 49 34 31 37 34 8 35 12 39 12 25 13 21 45 49 38 50 6 10 19 49 37 32 24 47 37 28 50 38 42 38 45 26 15 6 40 34 9 48 41 19 21 33 5 8 19 6 33 20 22 33 39 17 30 14 29 31 12 14 10 42 
15 13 12 44 36 7 44 24 19 44 11 46 24 28 9 15 28 8 38 27 21 9 30 50 15 34 22 25 25 15 21 49 15 34 50 19 16 34 17 14 36 37 20 16 14 7 13 33 26 9 43 34 8 36 27 48 47 37 13 37 34 10 44 26 29 25 19 37 21 13 19 25 38 42 16 46 17 47 47 47 26 32 12 36 34 10 42 7 17 29 27 25 46 27 26 31 29 30 36 33 
19 13 44 18 14 40 49 35 9 21 40 23 14 8 24 12 24 16 26 35 17 10 41 34 22 40 33 44 30 28 40 10 49 15 27 40 11 5 48 45 7 26 47 23 31 25 43 47 16 38 11 21 20 26 30 19 41 34 41 35 41 5 30 29 34 40 10 47 32 16 30 13 49 29 34 12 50 7 19 10 23 43 45 10 41 44 12 6 29 5 35 31 15 33 31 46 45 45 44 42 
44 36 32 16 14 36 6 35 20 15 19 31 14 6 43 12 21 50 6 14 48 7 21 13 15 26 48 27 32 5 18 38 6 32 41 15 43 18 10 20 20 28 11 34 22 25 23 15 32 6 36 22 44 35 37 38 35 33 27 19 45 9 10 10 31 43 9 23 31 39 22 17 20 23 37 38 33 18 21 48 21 32 15 28 9 13 49 39 32 16 30 27 23 43 28 45 18 29 43 19 
12 7 42 5 11 6 6 6 39 23 11 24 40 40 37 5 44 20 28 19 13 30 10 19 9 27 16 9 50 23 30 11 33 29 39 8 50 25 27 8 19 40 34 18 21 23 13 31 20 21 35 30 41 33 21 28 28 47 26 5 20 11 22 47 18 14 27 22 42 18 17 34 43 33 37 44 35 20 33 45 24 22 31 35 5 14 8 15 46 48 31 33 33 12 5 31 9 15 43 30 
43 9 30 40 6 15 24 27 45 47 25 18 7 21 22 21 36 5 20 15 21 13 8 48 36 17 46 24 20 14 37 44 16 7 11 12 32 43 44 38 11 23 33 17 42 41 22 18 10 14 21 17 44 43 34 24 21 14 35 24 23 14 15 37 36 22 24 32 5 30 28 35 16 31 11 33 33 15 21 39 23 42 13 34 36 25 13 9 35 25 13 39 17 20 16 37 39 42 34 30 
33 33 24 9 20 23 35 20 24 22 16 40 46 40 8 42 40 46 48 38 32 31 37 20 29 33 23 42 47 9 16 21 45 29 22 17 42 9 13 35 47 44 11 10 43 45 6 46 9 25 39 39 41 16 16 7 6 50 16 36 35 37 34 48 33 47 34 39 26 23 18 26 18 17 49 33 46 26 6 7 42 48 29 20 20 42 47 40 42 19 24 31 38 40 42 24 41 41 50 14 
29 9 28 22 46 40 33 30 11 26 30 44 29 24 23 47 20 40 34 19 26 40 40 13 24 41 7 27 48 10 13 47 41 48 35 41 29 24 12 12 36 44 48 37 15 41 21 24 39 48 28 42 32 23 41 17 40 29 11 10 24 44 36 47 20 21 44 20 11 20 19 6 48 7 26 44 20 19 35 18 46 16 12 23 47 49 37 46 45 33 17 15 31 23 41 47 19 9 20 8 
24 42 33 28 31 15 29 35 25 35 22 5 32 32 13 23 38 30 6 37 15 18 18 49 20 41 37 32 18 8 49 40 26 47 39 47 34 33 26 50 48 11 37 38 26 42 10 31 36 41 28 25 34 47 8 44 37 33 24 6 48 42 45 13 40 45 6 41 19 17 29 48 30 34 44 11 18 16 17 19 14 36 46 17 40 13 25 32 26 41 13 34 38 12 33 22 29 35 23 47 
23 18 25 12 35 20 18 9 30 10 11 34 16 13 35 25 43 7 32 36 35 5 12 42 19 47 37 15 8 30 44 5 28 17 17 37 19 37 34 39 6 39 50 33 24 43 45 6 47 21 41 45 33 17 6 30 17 43 10 15 21 25 26 48 26 11 12 45 19 49 9 19 50 33 26 24 32 46 24 27 28 30 45 47 36 39 23 28 21 45 32 9 49 40 5 37 12 40 49 7 
7 11 46 19 23 43 25 45 43 20 27 35 46 42 14 42 13 31 16 37 5 50 34 24 25 5 47 42 48 9 32 34 36 45 42 20 47 40 6 35 10 32 35 12 32 11 38 35 33 32 49 30 37 27 40 31 17 20 26 5 12 20 5 45 39 14 27 29 7 47 15 39 43 10 9 37 43 9 28 34 41 48 19 12 5 49 13 35 39 11 11 17 10 35 27 26 38 31 49 24 
17 8 35 38 5 19 22 44 45 39 9 48 7 18 25 37 27 47 7 22 39 32 14 49 22 38 32 7 44 9 32 19 45 50 6 27 5 22 13 32 35 47 39 11 14 47 11 16 19 19 23 28 42 5 32 34 41 15 12 39 38 27 22 39 33 7 46 20 25 48 25 10 33 50 26 13 49 26 5 9 21 11 30 23 36 39 43 6 14 33 49 6 17 24 40 27 14 13 30 30 
15 34 40 50 16 7 22 11 42 36 25 40 31 7 9 39 32 29 40 17 28 18 47 50 5 25 36 45 20 50 16 48 12 31 33 39 33 6 47 48 34 8 30 33 6 16 47 41 19 46 44 9 9 45 45 40 50 20 10 43 13 36 30 15 46 49 14 32 36 8 7 38 35 14 29 32 21 45 15 5 19 42 38 32 43 11 20 43 16 22 50 32 47 41 25 50 28 13 41 17 
16 40 28 8 45 43 47 49 39 40 38 11 47 17 6 34 33 18 33 26 31 19 8 12 23 34 20 40 20 47 26 28 13 13 18 21 50 44 18 42 50 47 48 39 44 16 36 14 7 28 6 5 15 10 8 6 20 20 16 14 29 26 21 17 9 38 49 11 40 49 20 14 43 49 37 23 47 39 40 22 12 43 29 50 25 12 38 21 17 22 31 41 32 7 5 14 20 35 42 37 
5 15 32 39 32 11 23 11 37 10 32 37 31 48 28 33 14 29 12 23 47 31 6 48 46 12 25 20 24 14 47 50 25 39 26 7 5 34 35 17 18 9 14 31 16 38 34 8 42 38 49 38 23 42 33 12 25 31 8 41 16 34 21 13 18 36 11 26 37 6 14 34 27 32 16 32 43 48 7 12 35 49 49 10 42 43 7 15 44 38 31 34 40 50 15 17 31 20 39 48 
38 15 23 14 24 43 41 48 5 6 49 6 17 44 50 24 45 18 10 21 41 5 21 35 49 10 25 17 30 33 38 12 22 38 48 21 32 44 49 28 9 21 33 21 26 13 11 26 33 42 15 36 19 17 6 22 11 12 22 19 49 49 25 20 25 29 35 37 20 49 7 19 27 15 12 44 16 28 15 10 9 38 21 21 12 18 5 50 8 17 28 8 49 32 28 11 42 17 28 45 
41 50 13 49 8 41 8 29 44 11 40 29 41 26 12 25 25 46 11 10 22 5 27 15 18 36 15 8 49 24 11 9 47 9 33 28 10 44 26 10 18 28 50 32 27 21 17 37 34 40 13 49 37 18 39 6 44 45 40 37 47 34 49 27 30 35 16 5 24 11 19 37 42 49 30 32 46 40 11 8 12 44 16 9 12 33 35 24 14 15 5 38 39 40 8 14 44 6 42 44 
14 18 24 31 14 39 18 18 35 5 30 34 17 17 7 35 43 38 14 39 20 32 20 38 31 30 42 42 30 23 26 33 49 21 12 28 24 32 7 9 33 46 14 25 25 45 15 47 16 19 28 48 40 27 39 22 31 36 12 27 33 48 39 11 42 30 50 47 8 25 10 13 8 48 35 8 34 44 8 39 37 50 46 14 43 35 17 19 20 49 44 42 39 6 13 29 50 27 46 17 
39 33 37 23 47 45 21 23 37 27 27 10 30 27 11 44 32 30 37 33 9 31 27 21 37 20 25 45 40 15 38 10 6 7 49 37 9 42 17 50 29 47 47 45 47 14 47 47 24 15 39 40 24 21 42 28 6 33 19 22 11 11 25 25 46 36 32 28 48 40 47 18 15 10 33 31 48 46 32 18 31 27 7 24 41 12 44 34 45 10 46 26 16 24 36 30 24 47 7 17 
5 35 27 35 22 10 5 8 14 44 7 16 12 9 14 17 21 20 6 37 19 8 40 16 18 31 17 10 9 38 36 49 42 10 29 32 7 7 36 22 40 15 42 47 38 42 26 47 8 50 46 11 10 16 48 9 50 7 42 6 21 34 22 12 38 29 25 50 39 21 14 32 10 35 43 38 47 50 19 47 34 24 16 15 38 18 10 43 32 50 7 30 23 39 6 50 17 23 50 49 
22 26 17 14 47 20 39 33 45 11 13 30 26 33 22 40 25 47 9 22 8 37 6 36 9 44 49 16 39 15 18 13 47 6 37 13 39 41 46 12 50 45 14 22 26 26 40 19 30 41 9 15 36 15 29 38 12 19 34 8 18 26 37 50 22 45 42 21 26 27 33 39 7 32 21 21 35 12 13 26 27 18 30 46 14 6 41 37 16 15 44 50 9 12 41 27 29 43 12 41 
44 14 41 35 17 23 35 28 8 21 37 9 14 48 43 45 8 12 36 41 8 40 48 33 39 36 13 32 31 8 16 31 32 7 42 48 41 46 27 23 32 33 9 20 32 39 25 13 23 46 38 26 33 42 33 5 40 19 34 13 16 22 26 30 28 41 5 16 16 47 48 8 50 8 44 47 39 9 40 14 45 41 10 5 48 32 36 44 19 21 14 14 31 40 33 37 40 32 16 46 
49 34 5 38 40 48 28 45 39 7 50 23 22 40 22 18 44 12 35 7 6 40 45 48 41 48 42 43 7 25 29 37 40 23 48 10 39 7 28 6 32 9 37 7 45 38 18 23 37 9 19 19 15 47 20 34 31 19 22 26 15 7 33 18 50 34 9 22 38 9 16 38 40 12 29 27 25 48 6 18 14 25 29 26 37 44 28 50 23 27 40 16 20 5 38 11 10 21 29 9 
7 24 30 36 15 42 19 6 33 37 23 9 47 20 28 30 17 21 28 32 39 40 6 24 20 39 49 9 40 48 10 15 49 15 44 46 43 21 35 13 50 36 10 49 47 28 46 23 12 33 31 26 26 18 38 50 18 23 36 26 21 24 36 36 18 42 38 14 45 23 34 5 19 46 26 45 26 18 49 6 15 19 33 33 22 43 33 21 31 12 32 9 43 10 16 41 5 25 44 5 
41 34 5 25 49 29 12 50 15 25 48 18 24 24 19 28 14 33 47 35 22 33 35 49 16 18 34 34 46 29 13 5 36 8 14 22 45 9 41 28 16 27 37 46 30 16 28 26 32 21 27 42 20 16 31 47 16 19 15 38 42 6 18 7 18 15 23 8 29 29 15 6 20 28 46 33 47 48 15 32 29 40 8 22 6 29 5 25 41 17 44 22 24 14 8 25 23 21 39 15 
18 48 31 25 35 14 15 44 49 40 16 11 40 28 45 31 12 6 31 41 43 43 33 17 25 28 40 48 5 41 9 45 47 5 22 42 39 6 44 14 29 43 27 20 13 21 41 8 36 34 9 39 45 18 11 32 17 39 46 36 35 32 8 30 12 30 16 27 30 9 15 28 37 32 33 11 25 31 14 44 38 14 26 11 49 14 41 24 28 42 16 35 15 13 37 27 22 43 8 19 
29 15 26 6 23 45 10 42 37 14 11 33 13 36 7 15 32 34 6 24 33 33 10 13 13 37 5 12 25 10 44 36 12 26 13 7 31 27 46 19 5 25 5 37 41 7 48 19 9 21 45 40 38 38 40 14 25 41 13 11 7 25 19 47 22 40 33 35 50 50 17 33 42 22 16 22 42 47 40 13 6 19 16 38 16 7 41 33 16 21 45 36 28 31 49 44 10 10 22 6 
