56 135 327 448 39 425 448 218 452 25 251 158 473 233 88 226 92 112 79 438 359 251 288 497 174 178 157 471 318 131 257 400 343 153 141 236 51 451 363 322 227 241 360 319 133 376 18 433 466 417 
135 100 309 235 235 306 276 241 180 469 312 17 48 151 305 222 193 198 335 228 289 265 389 222 389 86 363 417 192 151 202 33 270 78 136 48 88 286 152 312 388 150 278 331 9 50 405 315 478 60 
473 165 253 141 47 289 442 373 366 301 58 152 294 375 401 316 467 431 15 180 454 467 33 25 295 409 335 288 105 121 122 164 482 346 29 312 34 310 217 335 408 311 463 377 225 310 50 392 445 234 
343 452 173 446 141 65 134 426 122 257 328 91 398 96 54 277 15 190 404 72 209 376 73 335 137 64 423 370 296 246 427 90 109 107 189 140 486 306 60 241 275 216 326 324 491 158 451 170 66 438 
372 240 57 482 455 413 8 315 465 10 392 492 426 357 151 436 277 481 495 15 453 90 342 249 26 140 185 293 372 343 308 461 344 26 403 61 305 136 143 342 363 193 391 486 314 374 311 75 22 212 
136 275 431 272 211 196 137 226 180 20 452 379 343 221 115 219 409 74 346 171 294 167 470 203 11 441 293 251 410 177 237 476 60 138 363 231 202 52 302 178 356 381 78 288 125 300 185 107 370 480 
478 365 175 62 244 108 365 440 96 492 100 54 53 92 178 260 368 387 229 300 35 121 183 291 161 224 17 283 391 486 58 129 49 43 399 75 226 53 488 28 205 406 9 71 407 39 357 343 248 80 
276 325 37 319 213 50 74 246 328 472 206 317 155 206 16 251 177 336 181 173 49 137 431 271 291 177 89 453 141 217 264 242 160 447 157 290 41 312 63 377 233 181 486 335 69 175 378 455 476 372 
78 324 234 80 262 419 153 476 227 408 394 52 331 253 153 320 100 25 231 115 103 396 57 23 115 402 214 76 434 291 89 344 82 145 211 240 360 354 174 366 414 250 198 491 77 427 362 165 235 412 
109 39 335 65 70 435 488 66 194 82 165 498 310 117 20 493 199 422 132 154 263 22 242 201 159 419 338 118 80 335 488 348 170 211 391 464 264 397 359 408 130 316 268 24 223 18 453 394 333 56 
395 188 120 57 168 188 351 110 269 77 80 301 171 443 150 381 333 470 408 297 363 173 317 139 432 400 342 38 65 322 224 233 236 131 250 132 467 330 307 228 131 403 120 404 353 219 221 276 323 429 
233 212 462 365 90 438 226 5 494 28 136 260 306 436 87 261 237 270 285 16 496 473 237 45 301 248 40 349 492 466 216 379 49 289 60 280 60 101 287 395 31 375 415 85 196 62 294 315 335 305 
489 367 248 94 177 175 128 149 90 105 358 44 310 120 484 342 351 67 53 439 67 441 137 55 486 108 112 173 480 376 381 189 204 262 396 425 161 121 465 86 181 413 46 210 115 75 350 139 252 102 
140 35 73 151 217 129 469 271 373 377 78 102 139 415 368 465 21 320 329 441 256 141 383 449 71 124 275 368 343 7 331 488 410 74 43 218 220 6 56 31 394 91 48 110 58 389 453 182 237 67 
441 52 75 211 60 355 6 172 128 333 403 304 246 238 154 302 298 140 486 486 145 375 257 238 421 195 191 500 367 284 139 194 309 295 131 404 469 168 329 389 301 341 128 495 429 258 426 256 113 391 
305 245 485 476 129 194 482 179 244 202 359 260 80 72 328 108 470 417 417 421 222 356 69 303 203 384 407 470 392 355 284 90 400 375 67 229 204 178 313 454 255 208 88 132 225 485 33 233 477 197 
211 238 46 139 70 167 285 384 490 314 212 210 275 319 500 352 307 372 199 335 130 51 71 433 50 400 408 303 430 342 391 420 457 23 239 307 87 402 166 438 123 18 315 6 426 409 229 103 330 187 
75 190 227 33 70 38 368 163 200 392 497 207 285 250 15 107 424 342 251 178 163 76 332 487 438 288 236 236 92 471 358 205 414 111 75 319 194 177 457 450 440 21 383 291 357 232 10 250 439 166 
251 306 452 90 296 203 52 358 331 193 342 211 417 142 37 112 108 387 320 51 246 38 325 257 462 214 406 412 346 39 294 263 210 356 257 195 445 65 106 254 237 113 196 56 16 5 222 405 238 497 
65 27 57 14 93 137 387 43 415 280 199 221 263 160 35 382 225 60 467 446 10 77 209 47 381 31 257 117 257 76 346 149 154 199 170 321 230 208 333 85 166 18 245 25 108 494 183 119 113 74 
236 17 482 378 312 82 185 366 23 148 374 175 158 403 441 477 434 454 340 56 6 244 386 246 479 460 129 475 256 68 413 286 338 403 416 216 63 318 87 470 69 421 369 217 42 48 500 224 188 294 
124 225 65 420 186 291 350 156 350 324 421 299 322 151 106 278 251 135 343 63 486 426 322 306 106 113 226 465 362 316 405 45 338 493 122 240 334 94 92 263 246 495 48 157 287 164 262 474 40 167 
95 403 69 230 352 441 186 6 150 184 164 497 168 11 265 178 376 291 18 260 276 9 79 164 378 277 500 53 127 375 265 79 79 195 401 349 428 165 189 463 446 293 433 32 405 75 322 430 433 374 
87 185 278 116 112 360 297 310 172 161 28 209 470 147 56 340 226 491 394 225 81 458 456 275 18 33 494 327 32 212 39 339 456 44 28 152 103 379 346 404 256 83 240 417 50 74 274 486 334 247 
26 327 73 382 257 149 481 101 146 44 106 440 117 198 375 29 76 148 383 19 171 139 118 205 271 229 477 164 169 485 485 21 380 334 127 79 37 17 363 311 369 41 476 137 273 24 243 479 32 142 
401 464 238 401 18 496 28 212 454 50 225 499 350 458 329 193 449 262 55 400 469 98 220 380 468 112 50 392 480 478 398 140 458 241 344 349 110 412 274 286 381 246 376 296 44 413 37 262 319 393 
476 443 398 443 131 111 433 162 442 209 59 204 229 418 242 134 412 331 198 112 269 336 482 399 179 227 59 434 41 150 361 175 90 196 52 364 31 68 350 206 207 146 142 498 7 391 490 315 199 432 
104 300 478 133 175 499 481 118 69 187 250 266 430 31 182 71 253 293 26 27 238 176 90 221 122 486 341 464 89 136 472 69 98 139 80 376 439 485 99 360 435 150 5 381 207 494 301 411 373 415 
384 73 452 258 175 453 27 65 351 376 136 125 326 150 173 166 401 151 279 347 123 96 254 262 222 339 164 421 304 277 338 74 424 382 334 127 138 20 305 279 183 46 140 166 218 107 106 478 337 472 
439 36 490 278 89 431 26 378 423 452 52 387 74 56 143 46 382 184 485 390 28 100 227 360 371 481 193 369 120 131 363 171 490 155 68 31 75 367 388 476 262 312 293 182 37 204 210 136 446 39 
88 454 95 467 283 213 227 216 399 172 167 245 446 82 99 148 39 81 224 95 329 8 173 346 369 233 99 60 203 319 278 98 498 195 85 182 358 152 173 303 448 58 245 156 34 66 227 274 229 249 
372 158 138 48 456 475 53 257 29 286 171 17 378 459 276 59 464 254 17 131 50 391 151 62 302 78 161 156 13 288 244 256 87 436 315 285 62 157 349 337 226 8 111 339 107 37 319 291 224 276 
434 227 353 347 458 220 338 332 25 57 76 463 196 305 486 414 205 175 479 242 442 456 170 202 242 45 246 227 496 178 374 471 21 227 393 337 66 192 53 63 148 457 401 446 303 69 239 253 130 68 
169 319 295 476 384 43 218 131 46 102 55 59 224 424 320 255 5 337 474 70 236 180 464 386 356 228 136 129 425 265 260 425 163 126 65 443 102 6 334 152 152 322 124 296 167 231 79 56 394 78 
49 194 244 105 142 100 487 23 95 100 65 352 462 29 201 471 273 311 141 151 250 379 410 483 366 161 423 47 220 177 306 194 491 371 377 95 457 485 421 450 253 250 197 123 282 262 115 395 440 27 
212 447 182 146 18 278 237 202 296 325 425 416 114 280 95 481 62 334 370 295 39 383 283 203 496 314 57 440 324 381 458 437 220 6 468 180 164 395 439 258 182 165 495 227 104 49 344 66 285 171 
173 359 327 381 408 35 260 94 125 474 455 410 30 121 300 225 422 315 252 280 470 445 89 124 20 219 310 338 457 187 250 492 467 44 13 246 266 198 78 151 84 437 446 95 229 487 496 357 373 207 
117 255 325 94 273 415 434 25 53 414 209 288 299 434 56 292 462 227 343 220 110 49 359 23 55 169 380 364 441 497 392 190 467 139 161 258 317 146 298 381 292 375 472 307 222 187 243 385 153 44 
283 339 11 153 414 208 124 317 85 368 358 15 275 473 396 17 36 435 276 469 456 88 411 410 378 236 335 491 254 126 432 488 453 345 18 171 245 258 439 36 379 209 86 173 409 133 323 424 38 217 
30 307 272 101 37 157 73 48 289 297 47 141 433 260 314 30 268 172 466 208 257 309 56 460 461 326 306 412 338 220 76 469 455 79 27 475 342 188 493 473 385 43 463 458 347 202 286 407 62 195 
151 241 444 460 446 500 129 244 117 384 297 345 134 283 72 284 239 470 126 443 469 329 253 300 335 482 319 373 38 350 346 284 265 265 487 495 429 121 330 24 157 209 211 310 77 209 220 303 320 415 
221 6 463 380 218 361 82 22 267 66 117 405 102 369 43 108 431 351 184 455 276 239 362 15 128 375 275 151 155 458 33 443 41 141 117 464 40 45 223 362 266 92 446 380 60 314 408 472 341 53 
445 166 244 128 488 193 332 85 372 407 244 72 44 278 235 199 399 374 153 470 352 286 220 370 247 400 137 364 22 494 163 43 368 361 232 231 420 425 320 265 58 440 491 105 192 277 251 282 352 109 
288 391 252 264 58 422 119 359 423 390 29 326 46 372 176 48 143 332 216 127 422 333 485 412 65 395 203 83 177 16 114 480 8 168 300 214 493 352 341 255 309 432 241 276 105 55 17 405 168 265 
229 499 241 78 234 487 402 481 183 133 30 459 81 356 148 105 176 440 252 183 403 273 326 210 384 436 322 211 133 204 50 306 394 166 250 11 72 126 220 321 313 164 15 153 438 477 278 68 255 301 
76 429 296 321 61 105 45 438 104 40 315 174 382 409 495 371 337 121 233 102 466 145 301 275 262 208 156 413 218 456 411 13 197 417 380 378 10 101 165 79 229 177 130 217 494 79 79 301 158 273 
261 283 108 289 261 217 285 122 405 383 214 292 407 399 499 115 277 170 411 429 367 199 83 417 447 46 227 118 460 158 401 352 195 415 109 409 427 299 341 189 240 212 262 226 412 167 37 485 372 312 
121 420 39 79 156 212 371 17 339 164 84 48 251 462 342 284 126 320 247 161 420 434 221 35 458 255 111 498 208 191 303 198 331 336 83 346 157 267 171 449 439 113 222 428 82 462 209 381 93 448 
126 381 47 372 484 19 129 304 436 348 94 440 423 88 381 160 280 329 116 436 312 223 451 64 159 140 230 274 440 79 342 111 385 181 135 306 130 476 251 252 21 415 474 464 447 419 279 67 113 21 
368 135 404 246 149 287 398 16 111 42 326 487 236 104 202 25 347 143 124 278 467 467 184 386 221 180 467 144 331 45 478 353 38 319 500 162 109 413 267 221 375 80 152 283 383 285 276 20 254 93 
