36 6 28 19 37 5 42 41 12 13 24 21 23 17 27 41 45 39 34 46 50 6 21 28 8 26 48 16 30 40 20 22 38 37 22 16 34 21 43 45 33 25 32 25 46 44 27 50 42 44 19 27 12 48 38 23 47 47 21 15 25 9 36 34 42 33 9 30 31 14 30 17 11 30 16 14 21 13 20 24 14 29 48 46 43 41 20 6 25 32 36 24 41 47 20 44 44 19 5 37 
6 22 46 49 13 36 15 45 15 16 11 8 29 36 24 15 45 9 6 6 16 27 38 40 42 31 11 27 13 44 42 37 29 40 34 37 41 5 20 45 48 28 16 6 28 35 6 45 43 46 50 22 16 11 16 32 39 18 5 9 48 50 25 26 7 41 10 42 7 18 6 8 34 7 50 38 15 8 32 47 48 45 21 9 41 41 17 11 15 25 45 44 13 22 48 28 23 47 42 30 
12 12 22 9 19 10 17 14 32 13 19 22 45 25 6 11 26 27 16 21 42 15 48 28 15 44 16 46 37 11 27 20 34 7 34 9 49 20 23 8 32 48 31 25 15 24 33 31 26 11 31 6 30 46 42 34 6 22 16 29 33 39 49 8 33 47 12 35 42 27 41 9 38 49 50 35 18 29 36 13 16 38 5 21 13 10 19 41 16 42 15 12 13 42 48 14 24 50 17 36 
36 45 50 16 25 50 42 49 21 12 10 5 27 43 29 33 15 48 23 21 42 37 15 45 37 14 10 30 39 34 6 14 16 49 43 29 14 11 9 27 26 37 15 48 11 5 15 7 50 34 32 7 30 49 29 25 30 18 23 33 29 11 5 32 17 16 44 21 35 13 6 31 9 27 46 9 12 34 23 32 41 17 16 17 34 7 25 35 28 47 32 36 25 30 21 27 39 22 24 41 
14 41 15 6 13 22 35 13 6 29 41 5 45 11 25 34 29 24 34 8 44 37 25 49 5 13 30 47 5 15 40 23 30 9 43 46 16 9 15 13 19 5 25 11 45 50 34 31 5 49 20 12 17 26 7 32 6 5 44 28 12 44 21 7 34 34 47 37 17 5 41 13 45 22 20 48 21 5 37 25 33 41 33 38 27 43 44 17 49 26 11 46 42 13 42 28 34 36 26 17 
35 39 21 45 25 15 25 33 48 29 43 35 47 41 25 24 28 45 47 6 14 30 17 35 20 28 33 6 10 36 39 49 15 44 44 11 36 5 7 7 35 26 47 46 15 6 12 29 50 50 9 22 23 24 20 42 27 35 13 17 25 36 9 42 34 26 32 16 33 5 40 46 28 20 47 17 19 50 9 33 17 31 40 17 44 19 29 38 27 18 35 41 14 27 48 37 27 21 6 49 
47 18 45 32 40 28 40 50 11 24 13 34 9 18 21 23 6 28 22 44 6 29 36 13 21 25 13 35 10 22 50 44 13 31 39 39 24 23 46 44 47 17 43 10 43 9 38 22 34 27 18 49 32 36 22 21 30 24 21 21 30 46 7 42 17 25 23 46 37 15 31 27 35 35 16 27 21 21 47 30 48 50 9 16 22 40 45 45 8 38 7 48 25 12 49 39 43 24 43 7 
47 49 7 38 44 17 29 5 8 42 17 26 33 9 31 30 47 9 31 39 15 20 25 19 33 45 17 27 50 37 42 17 47 23 49 45 44 14 50 39 30 34 38 49 12 24 45 39 50 44 36 23 36 47 34 7 24 38 21 23 5 19 31 29 46 12 22 21 42 39 38 22 21 36 47 20 31 6 23 7 28 6 45 43 35 8 26 50 19 47 6 9 28 31 20 48 20 42 26 45 
33 28 29 43 32 44 38 21 7 5 9 9 50 12 48 18 25 38 31 24 47 38 27 46 20 20 41 8 28 15 9 45 43 49 25 8 17 36 25 9 7 39 46 41 49 50 26 34 27 43 20 43 44 18 50 45 39 15 17 44 44 19 9 5 16 15 12 34 38 16 14 50 47 5 27 48 45 12 22 45 12 6 13 45 30 18 11 44 20 11 27 30 33 33 14 36 35 24 30 44 
33 15 26 28 29 27 36 18 26 7 30 12 19 48 14 32 30 25 18 14 22 49 32 33 29 42 6 42 9 42 14 20 15 42 17 14 24 41 13 42 31 49 40 26 14 47 8 30 39 27 31 21 24 10 11 9 25 7 22 19 34 15 14 5 20 8 28 49 38 5 16 35 35 10 5 18 20 32 8 13 25 12 41 33 19 41 50 47 14 43 30 12 35 37 50 45 5 50 36 31 
32 24 40 22 49 24 17 20 43 22 39 33 14 46 18 17 6 33 45 30 26 36 10 35 40 14 29 21 5 7 31 7 10 37 41 42 43 45 12 15 43 8 34 29 12 15 15 33 32 15 29 33 17 47 30 45 28 14 20 24 48 19 27 9 15 50 48 45 29 12 34 19 29 33 20 6 15 31 16 49 25 37 23 12 29 24 30 37 30 42 6 30 10 37 48 28 35 23 20 24 
49 38 9 27 10 30 24 23 45 12 23 26 32 27 30 30 25 27 11 9 22 10 39 39 44 45 37 5 8 40 16 26 16 35 47 37 19 44 5 50 33 25 17 14 42 21 9 11 12 17 44 46 37 5 29 30 16 11 5 12 20 49 37 21 30 34 16 13 20 41 6 43 31 7 22 16 8 11 24 36 29 21 11 15 48 41 15 26 14 22 7 44 20 49 17 29 25 27 22 28 
6 25 19 17 39 12 38 41 6 39 43 6 14 27 33 8 8 33 40 35 40 11 25 20 28 44 10 27 5 28 11 21 49 27 44 42 22 12 6 5 38 27 26 12 18 35 22 47 46 26 8 22 17 30 11 31 7 26 48 28 7 9 7 27 50 9 14 47 7 18 26 16 39 5 49 6 48 27 34 18 22 8 15 15 35 17 34 46 17 15 9 30 21 5 33 36 13 10 41 42 
25 20 18 18 38 18 22 22 39 17 46 12 41 22 9 38 23 18 39 14 21 25 39 12 19 34 18 30 25 35 5 49 33 41 11 41 43 6 13 25 13 25 49 5 22 30 11 27 5 13 11 19 47 22 18 22 5 17 23 12 17 23 49 34 44 34 5 26 39 13 27 7 48 49 33 30 39 35 7 40 17 15 47 43 47 35 19 16 16 29 8 40 50 16 18 38 26 26 46 49 
32 40 49 8 7 41 16 48 42 36 7 49 20 47 44 20 46 31 25 23 49 41 46 14 48 6 38 35 12 38 14 29 7 20 24 15 49 34 5 34 32 9 14 14 37 32 21 33 40 41 27 30 41 36 17 6 6 35 12 36 11 29 39 8 43 16 17 46 23 28 34 30 10 29 24 18 26 23 41 44 39 28 25 25 20 11 13 14 23 13 14 12 19 28 28 43 22 13 28 40 
38 48 42 11 47 47 43 21 25 19 25 31 24 11 23 33 42 8 43 10 32 11 41 22 16 31 49 48 38 40 6 42 13 29 24 13 9 35 11 26 21 5 29 50 45 16 34 50 39 45 43 23 41 38 47 42 32 22 35 23 34 40 36 31 27 34 6 17 20 49 26 38 5 18 12 10 19 46 24 6 31 45 17 47 7 28 44 45 37 6 44 27 11 49 49 19 33 22 26 40 
9 41 5 16 16 13 37 8 42 29 13 39 16 21 15 18 29 31 13 29 19 19 23 29 6 14 35 10 36 25 12 47 17 39 35 40 26 9 39 20 50 15 5 7 44 31 44 8 41 11 50 50 48 26 45 44 48 5 49 16 11 42 17 26 13 36 29 27 50 48 35 47 25 34 23 9 31 9 18 15 36 22 40 45 39 16 41 19 11 34 26 20 50 19 13 33 49 9 7 41 
5 46 24 31 8 35 43 8 22 6 13 47 20 32 26 28 43 41 18 20 29 38 50 49 18 17 23 48 29 19 36 26 42 27 48 36 40 9 32 15 26 24 45 39 38 30 46 38 38 47 28 18 41 48 11 43 38 25 37 15 31 34 24 26 15 20 15 8 21 12 29 5 38 50 15 30 33 37 50 7 16 41 7 15 33 20 48 7 17 44 47 48 17 25 17 21 21 36 35 49 
6 16 45 14 48 21 9 24 26 14 26 50 38 44 41 41 25 38 24 40 15 16 24 16 10 18 17 5 7 33 35 20 44 49 6 7 50 20 45 13 12 36 35 14 50 12 37 25 38 42 5 10 11 8 10 24 42 48 38 6 32 31 24 43 11 37 9 11 45 34 14 24 23 25 41 30 49 20 29 21 37 43 27 23 23 8 46 16 21 16 33 14 30 9 17 31 7 18 44 20 
17 13 19 37 47 23 49 7 25 5 43 19 39 34 21 20 34 29 31 19 7 21 38 25 10 46 45 45 24 40 44 49 50 45 8 11 32 13 16 46 16 19 46 47 11 35 28 50 45 18 14 22 21 14 22 29 14 38 50 39 13 41 15 7 43 38 15 44 8 25 8 38 11 20 21 50 11 39 29 27 23 42 32 31 29 50 6 11 37 39 45 25 36 11 27 43 31 5 23 10 
6 45 10 43 8 5 25 15 47 41 25 5 45 5 9 20 23 11 9 6 22 44 22 23 40 11 44 50 41 13 40 46 24 47 10 44 40 18 6 13 23 28 48 14 48 13 39 10 12 50 37 35 12 42 46 33 16 41 40 8 10 13 6 11 16 16 39 12 36 5 38 47 17 18 49 28 43 49 31 25 15 17 9 40 6 46 19 42 18 9 7 11 44 13 50 13 18 40 23 28 
35 37 20 8 36 42 42 35 41 15 10 48 24 48 20 8 39 39 31 12 11 27 25 8 9 46 14 14 47 19 32 43 33 21 50 32 40 40 48 40 6 29 38 29 24 20 44 30 37 25 9 41 41 30 12 35 32 29 9 20 17 8 22 39 20 46 35 22 45 5 15 9 11 13 36 39 39 31 8 43 21 9 13 9 42 34 46 42 49 18 50 25 5 6 18 49 7 7 37 31 
18 17 27 37 29 24 25 37 8 49 14 9 28 31 21 22 40 19 42 14 22 15 21 18 30 29 25 31 20 25 50 10 33 50 41 29 19 29 48 9 19 33 15 6 25 15 32 20 18 33 20 27 31 7 23 14 30 7 13 15 22 29 8 41 29 49 10 41 20 46 45 8 21 7 29 31 42 25 21 43 7 12 29 33 32 38 46 49 30 9 36 38 44 19 13 9 27 27 14 38 
43 32 47 41 22 44 37 7 19 26 23 11 44 41 12 17 21 42 38 41 45 44 22 47 49 42 48 12 11 33 20 42 9 40 16 37 47 14 40 14 5 18 43 19 5 24 5 20 46 5 26 12 35 25 48 11 47 19 25 29 35 37 43 32 27 25 16 12 42 8 35 48 33 47 19 9 35 22 37 17 49 22 42 40 14 10 35 44 36 49 7 5 45 41 50 13 16 7 10 9 
19 28 23 10 32 20 43 33 8 42 10 32 36 18 29 47 49 23 12 28 6 44 13 27 7 7 45 49 48 5 46 36 7 12 44 23 33 24 12 28 29 45 47 17 37 7 46 18 32 11 17 47 27 11 33 23 21 30 10 44 23 48 50 36 30 50 50 35 21 27 15 12 43 10 42 47 16 13 20 5 42 6 49 11 41 47 34 17 38 26 46 20 45 48 33 7 7 30 34 10 
27 47 13 10 11 15 36 7 32 26 29 16 22 40 9 24 9 8 23 22 13 31 32 39 39 47 6 33 45 40 36 5 19 37 11 28 31 35 22 24 11 30 38 30 39 47 11 7 44 50 32 13 12 50 24 48 32 29 10 6 36 44 26 38 43 43 24 10 20 29 27 28 33 15 49 17 44 32 5 12 34 30 40 40 7 24 36 42 22 24 42 48 48 36 50 25 33 27 22 14 
44 36 10 35 28 37 36 10 43 16 9 29 9 28 19 11 35 18 6 10 29 11 37 10 34 36 7 41 37 20 27 41 49 8 11 36 11 16 28 37 28 44 7 10 41 21 44 42 15 25 21 22 35 50 26 23 28 37 47 29 21 9 44 25 23 39 5 11 29 21 12 32 30 49 17 21 35 39 46 48 16 47 43 29 36 28 25 26 13 40 22 21 24 46 29 36 18 48 12 39 
18 37 6 22 20 26 12 42 20 39 41 17 42 34 20 26 21 43 33 27 21 50 23 25 34 16 15 36 12 41 38 43 44 41 16 39 22 48 43 44 37 5 20 6 28 47 30 25 26 27 31 48 17 12 25 30 35 38 5 11 48 34 36 25 9 18 29 45 12 7 42 20 35 49 22 40 48 46 7 48 32 6 5 14 42 41 46 30 30 42 23 38 27 18 39 38 40 5 11 19 
20 8 24 47 16 38 7 37 13 38 26 48 43 22 26 40 40 15 12 34 8 21 30 23 43 16 17 8 48 35 5 31 33 11 11 35 25 25 45 32 39 47 36 45 5 28 46 45 19 36 41 6 21 47 44 49 46 30 39 44 46 6 8 17 33 12 15 11 48 9 43 27 48 21 40 18 9 21 39 46 46 7 46 14 26 21 6 8 18 7 18 30 20 11 8 46 50 31 47 15 
12 32 19 27 19 21 12 43 21 48 44 35 39 20 16 30 27 44 24 22 12 28 27 32 13 28 11 27 34 15 27 17 46 29 8 12 17 10 32 48 11 40 38 44 30 25 36 47 41 38 19 18 44 32 46 5 18 26 15 6 46 10 20 23 27 25 22 17 32 27 12 37 35 9 48 31 31 42 50 37 19 45 22 28 18 15 36 14 24 29 41 8 6 50 29 15 26 29 49 27 
17 38 23 20 49 11 45 44 28 38 24 28 22 33 33 42 16 33 23 42 16 21 17 21 13 22 37 11 36 23 27 39 9 8 29 42 43 6 23 8 49 15 13 48 43 18 47 40 50 16 44 18 14 49 35 27 15 36 10 34 11 43 16 50 16 40 8 37 6 9 45 29 12 38 42 45 50 30 7 26 22 38 32 23 14 37 18 19 30 9 15 41 11 35 20 30 42 49 34 14 
29 25 19 20 8 43 21 5 28 42 10 30 19 10 38 49 36 12 5 34 5 6 9 40 19 49 39 21 27 31 49 43 31 30 39 24 29 38 16 24 21 43 44 48 39 5 36 41 20 50 6 25 20 13 44 27 7 42 11 42 44 7 26 24 44 27 8 50 21 29 15 15 31 34 13 48 24 11 36 16 34 37 40 46 29 48 46 32 17 19 33 45 47 16 31 32 16 38 38 31 
37 49 25 9 28 38 29 7 29 24 11 35 43 6 10 22 34 46 28 7 36 11 31 45 34 17 32 46 21 24 26 15 12 24 11 26 32 24 13 29 36 26 43 9 29 21 12 35 31 16 41 38 29 47 45 48 44 25 5 49 9 38 43 6 32 29 7 48 23 24 8 18 49 41 44 43 29 14 8 10 33 22 12 42 40 28 5 36 19 36 34 43 21 6 42 32 29 39 25 49 
25 10 17 25 20 50 35 7 24 11 13 13 28 47 26 43 11 34 23 9 5 21 19 46 31 45 39 33 27 38 44 9 16 19 17 28 28 9 25 22 37 14 30 42 14 30 8 40 18 25 39 38 25 5 14 44 39 45 39 7 37 15 47 10 22 42 11 13 11 49 45 26 48 28 15 35 20 10 30 7 15 11 43 47 27 6 6 12 24 44 49 17 26 32 44 5 36 16 32 21 
14 5 6 31 50 17 7 6 43 43 40 17 25 24 19 45 19 7 32 13 25 43 10 29 40 22 18 47 47 45 5 36 44 36 13 31 48 40 44 48 15 13 18 50 7 36 39 34 39 8 50 37 27 22 40 16 12 25 38 42 30 22 18 16 8 13 19 50 32 33 41 34 26 16 8 19 22 38 16 24 42 32 34 40 14 7 10 50 8 43 41 12 18 43 42 44 48 42 7 36 
35 46 24 40 32 8 46 26 44 18 39 24 50 18 19 20 34 10 41 45 24 37 48 23 40 30 19 6 16 16 9 19 38 43 47 23 48 38 37 30 29 7 28 5 28 36 27 15 49 31 31 40 14 11 49 28 7 36 32 18 25 19 31 11 37 30 29 37 18 35 20 44 40 43 24 28 8 40 41 16 33 11 25 41 21 43 43 15 5 46 27 50 31 40 8 15 13 37 46 40 
44 42 13 9 29 19 47 16 33 37 20 9 27 23 23 18 22 36 14 23 40 37 33 10 41 20 21 29 36 22 9 22 41 50 49 18 31 28 11 5 25 27 16 23 34 7 37 45 5 5 19 29 38 24 10 28 24 18 26 5 43 50 13 23 39 35 30 41 25 26 34 24 14 12 24 21 27 41 49 48 8 48 31 28 30 27 48 28 39 19 14 11 33 30 25 20 21 10 34 48 
43 22 40 43 37 20 46 25 8 5 40 22 42 29 7 13 48 35 19 5 47 36 20 30 14 13 16 28 11 10 40 12 43 29 31 49 34 18 19 17 18 24 48 9 49 5 5 10 29 37 42 35 31 37 12 16 27 35 25 8 25 35 43 13 6 33 42 7 36 17 5 48 39 13 44 8 38 25 7 43 46 14 46 37 17 28 22 16 43 18 43 15 20 42 41 10 37 50 46 35 
21 35 36 5 34 31 27 17 37 10 42 31 18 6 26 45 36 49 49 11 8 23 26 37 17 6 28 9 48 38 35 23 14 43 32 17 21 35 39 21 45 36 27 36 18 11 50 19 19 11 29 37 36 14 13 41 29 46 44 15 7 13 23 44 37 23 9 23 20 18 38 29 12 6 35 12 16 35 46 9 50 9 7 39 38 42 44 43 30 10 45 20 42 25 6 46 42 35 17 9 
20 50 10 33 5 19 33 15 16 13 8 35 15 21 11 43 28 25 49 13 35 41 19 42 5 31 22 33 20 41 9 14 26 43 35 32 46 36 34 24 40 26 12 29 15 42 8 48 45 13 20 50 15 43 20 17 8 48 28 27 16 13 30 41 49 10 17 37 17 5 9 20 36 24 9 10 37 33 48 17 22 11 15 17 17 28 15 48 37 18 22 33 25 50 31 22 19 44 22 12 
30 46 15 13 29 42 49 34 7 21 5 12 27 42 31 43 37 26 27 26 21 28 35 43 34 17 25 40 5 7 41 34 22 35 34 33 20 18 43 31 28 21 16 50 25 35 48 11 23 12 9 36 21 13 42 30 37 32 11 32 49 48 19 27 23 25 40 25 23 49 26 28 19 45 31 23 6 16 30 36 21 20 7 47 14 5 29 11 38 24 37 15 27 6 19 6 37 28 38 32 
15 31 44 49 17 19 9 42 33 27 17 25 10 33 17 12 45 22 40 29 9 34 7 45 41 36 9 50 18 38 15 28 27 18 11 43 47 20 29 16 17 15 18 32 13 20 34 21 44 32 19 49 37 50 38 43 26 25 16 16 50 30 24 22 47 13 5 36 33 6 26 41 39 15 31 5 7 17 19 16 7 5 15 7 23 27 30 47 35 22 12 40 9 24 18 6 34 43 48 25 
28 32 39 10 7 16 50 46 15 10 49 41 35 11 37 20 23 37 37 22 41 34 6 22 22 35 50 40 34 33 43 37 38 27 19 15 38 34 6 50 33 17 28 11 35 22 21 10 41 40 41 28 38 32 8 23 21 21 8 18 48 40 29 22 47 36 27 23 9 29 15 43 5 45 25 28 41 32 43 10 9 40 47 47 31 30 17 12 9 12 48 24 46 16 26 35 41 46 12 11 
42 32 18 18 32 25 31 24 41 10 14 5 13 14 17 39 24 28 16 8 24 10 16 36 42 38 14 33 32 11 29 20 15 50 18 49 44 32 43 16 18 19 39 49 45 41 16 6 47 15 36 38 32 5 10 31 38 14 9 24 16 33 38 23 33 25 16 46 46 46 6 9 21 35 36 25 50 20 49 11 24 33 27 8 13 49 19 20 16 18 32 39 14 5 45 10 7 5 31 25 
32 48 13 17 22 32 15 15 17 40 47 45 48 44 10 17 47 7 20 49 29 45 28 41 18 23 7 38 35 22 33 38 40 19 39 7 23 47 46 42 28 36 50 25 23 11 46 17 36 5 5 43 50 11 43 40 30 24 20 17 35 43 33 19 31 6 29 40 7 21 7 11 46 10 27 29 35 29 14 16 50 23 34 48 31 21 50 23 33 37 41 46 32 43 26 25 5 17 22 49 
49 38 38 24 15 46 37 32 13 36 31 10 49 28 9 40 15 30 10 39 34 7 10 47 14 24 38 32 13 50 19 29 33 22 27 28 15 37 37 35 23 27 45 18 23 45 15 20 44 30 18 15 27 48 27 31 9 10 47 50 15 15 36 47 15 24 7 27 20 27 24 42 31 39 34 44 14 39 25 37 35 38 30 31 25 17 28 44 14 5 12 48 10 34 23 36 7 12 10 25 
22 43 34 17 27 13 28 42 13 20 48 47 33 50 40 14 23 20 30 27 20 20 34 28 33 15 8 25 34 31 26 45 9 20 8 36 38 11 39 45 13 16 44 12 42 36 33 49 25 10 37 9 14 30 37 32 26 22 22 23 19 46 13 38 26 34 49 29 5 19 28 22 15 30 35 36 35 23 17 10 31 11 34 42 19 9 15 21 27 8 22 27 22 15 32 42 8 23 26 19 
22 44 37 10 21 39 39 6 42 11 19 35 15 10 36 31 15 19 41 45 27 46 14 44 37 25 48 24 9 46 39 6 24 49 43 20 16 5 10 48 30 16 9 21 33 43 44 11 20 20 8 23 29 19 27 38 23 19 48 28 36 46 40 23 45 36 33 27 33 35 18 38 47 49 40 49 33 34 22 11 19 37 20 44 44 28 38 24 12 14 39 13 43 44 27 19 6 34 17 14 
25 42 50 25 35 43 37 35 5 35 50 36 49 13 13 22 33 23 13 43 17 38 16 15 49 18 36 9 23 23 34 17 41 23 10 18 16 41 21 47 37 39 22 9 29 48 29 16 35 50 37 42 5 5 19 37 7 10 41 18 29 15 40 38 29 45 43 7 24 31 30 13 24 16 17 50 13 37 45 22 39 17 43 26 36 35 49 13 10 36 26 27 24 25 30 21 8 44 6 31 
45 41 47 6 7 16 22 27 27 30 24 49 49 24 37 20 29 32 47 30 8 31 41 5 47 16 43 42 17 24 20 7 25 26 9 43 50 34 29 6 21 19 19 39 5 8 27 36 33 35 28 42 12 40 34 43 15 29 23 28 30 26 19 38 35 49 31 5 24 12 27 31 27 36 25 23 19 5 31 17 20 33 24 47 7 5 22 49 49 24 19 46 47 46 50 50 29 42 16 33 
18 36 35 46 10 37 24 40 40 13 6 19 20 32 40 25 9 15 30 23 33 10 39 32 38 43 15 16 21 40 28 35 23 8 29 32 41 36 10 19 14 34 10 42 11 16 14 50 36 36 23 39 11 7 16 50 25 11 39 30 32 29 7 36 43 49 30 50 37 17 42 35 31 40 24 39 39 45 30 6 5 35 15 17 20 35 6 37 40 5 20 18 48 19 24 48 33 40 16 14 
32 40 48 29 40 18 37 22 29 9 31 31 33 14 27 23 49 47 30 40 22 15 27 29 30 17 11 11 34 13 34 15 9 12 29 27 41 38 13 23 24 44 48 45 18 49 11 42 33 18 40 45 11 35 19 9 17 11 39 34 36 23 41 34 47 40 13 31 20 10 22 16 27 30 6 31 21 27 28 15 37 18 9 18 20 48 36 13 35 25 43 16 10 28 44 38 27 8 8 6 
32 19 7 10 48 46 27 43 33 11 36 47 17 28 12 37 18 34 13 44 44 21 33 13 30 23 31 34 27 32 43 37 12 22 47 30 7 6 35 38 14 36 39 19 27 18 20 48 38 13 47 30 45 16 40 24 40 9 46 19 15 40 31 47 12 49 28 45 32 17 40 32 9 47 44 30 28 31 43 18 13 20 19 8 12 38 9 30 23 13 37 21 44 20 24 46 20 43 40 34 
12 43 34 24 34 15 22 15 7 18 19 24 14 49 42 8 28 12 50 43 28 50 30 43 32 50 22 36 42 19 43 26 45 31 47 13 11 20 36 24 27 12 20 15 41 41 37 49 5 18 48 37 23 5 8 49 12 15 42 31 6 50 8 43 24 43 40 7 8 49 49 30 44 16 26 14 8 21 35 25 7 7 43 41 31 40 18 38 41 32 21 41 30 12 15 39 32 6 42 46 
34 34 24 48 36 42 21 20 39 9 15 35 22 8 45 42 31 5 13 21 17 41 25 18 28 47 41 18 31 30 48 47 42 9 44 26 48 18 41 31 25 11 17 9 47 9 10 9 9 48 5 37 45 50 20 36 46 37 27 23 32 31 7 11 15 21 9 14 16 49 39 40 35 6 6 27 33 39 22 16 33 29 36 46 47 29 17 5 7 42 37 50 19 15 20 9 11 31 15 27 
43 15 37 19 11 26 15 10 50 48 29 20 37 18 49 49 41 41 34 25 15 19 15 36 25 32 9 36 36 32 18 36 36 40 26 20 20 12 33 34 8 27 29 31 17 27 46 37 19 41 36 48 6 49 35 31 25 12 36 10 42 24 23 36 6 27 5 41 40 11 20 35 22 18 34 50 17 20 44 37 6 37 39 50 27 42 40 10 50 45 46 24 33 10 20 30 49 40 27 20 
41 17 12 40 32 45 21 32 33 5 35 26 19 18 45 42 46 6 42 39 37 17 48 35 23 44 16 21 13 29 14 26 27 24 46 10 27 34 34 9 24 33 19 9 24 25 48 10 48 10 30 35 46 15 16 38 35 5 12 17 45 20 42 29 25 45 31 11 19 33 34 39 7 47 20 45 29 24 20 40 5 34 44 49 43 43 42 17 19 50 17 36 39 27 37 26 16 18 21 50 
48 10 46 11 32 31 17 22 42 47 48 20 34 11 22 49 28 15 13 28 15 9 18 32 37 45 25 21 17 26 23 6 47 23 13 48 20 43 29 49 41 23 24 26 28 36 13 13 31 42 39 13 42 26 39 27 42 40 40 12 14 29 21 34 44 33 38 42 29 20 37 29 39 7 31 37 50 37 16 29 38 39 40 19 49 43 48 18 19 38 10 42 34 40 14 18 7 31 15 14 
17 27 23 28 15 40 10 50 30 10 23 35 34 21 35 30 9 7 46 8 8 16 31 22 43 44 13 21 22 11 40 32 36 41 42 5 12 28 24 19 27 36 45 14 27 18 22 29 42 34 17 30 6 48 49 43 45 18 10 43 32 42 7 23 20 24 32 29 10 17 50 20 17 31 35 25 24 26 29 40 29 13 18 20 16 11 48 36 25 47 14 24 38 47 34 50 38 26 29 38 
15 8 35 39 41 46 29 36 40 42 11 23 33 39 27 37 14 24 35 44 42 25 9 19 27 8 30 9 30 30 13 27 41 33 7 45 18 41 34 45 39 25 12 18 30 46 13 6 10 28 9 7 32 17 23 15 50 41 30 30 30 44 47 24 37 40 35 36 25 11 40 25 24 43 39 22 44 5 16 49 16 13 24 40 22 37 6 13 13 35 12 27 24 45 36 47 34 5 41 15 
48 26 48 10 21 19 39 33 12 36 49 13 12 47 21 6 36 8 14 9 30 10 12 28 35 8 49 47 23 36 37 30 14 8 42 45 12 38 22 14 27 42 30 10 19 35 41 10 5 20 20 25 17 48 28 10 20 19 39 17 14 25 17 46 30 24 40 16 34 24 40 12 18 21 20 49 49 39 14 34 17 11 44 40 6 19 9 10 28 9 24 16 28 31 28 41 45 33 47 44 
6 38 25 14 6 50 44 44 33 44 22 32 5 46 15 43 9 27 22 39 13 47 44 31 24 35 35 11 37 28 8 15 38 11 14 16 32 15 31 9 20 20 29 48 19 34 22 34 6 41 35 37 19 43 43 16 35 20 38 17 6 40 5 6 19 28 6 12 15 30 28 14 42 5 13 31 46 20 15 47 11 17 12 48 28 37 45 48 14 44 15 25 48 5 20 31 14 20 39 37 
47 48 29 6 26 10 26 33 32 47 12 31 27 41 20 43 41 24 22 8 49 25 46 28 32 41 46 44 18 19 42 31 19 46 11 31 16 32 19 30 36 33 8 29 25 27 27 27 42 32 40 40 35 17 36 25 23 44 49 38 39 37 31 40 15 17 45 15 30 21 34 31 15 28 21 9 5 20 49 11 17 36 6 9 8 19 47 23 33 16 11 6 39 33 44 19 9 10 42 43 
14 21 48 48 5 36 10 21 31 14 21 18 38 29 30 25 35 28 48 13 30 16 49 13 22 28 15 44 7 34 9 17 42 40 46 16 9 9 13 41 28 23 33 13 17 36 12 34 27 39 11 41 21 35 17 25 36 11 48 23 11 8 29 31 34 19 13 33 15 41 27 6 19 43 21 5 21 35 18 13 43 47 21 35 45 31 20 13 34 49 17 5 14 17 26 9 34 23 43 6 
18 28 31 7 22 29 30 39 12 12 22 24 27 33 8 31 46 18 10 14 48 47 38 13 30 25 47 49 7 6 40 5 37 16 43 43 37 22 6 13 40 26 46 18 32 20 29 19 40 34 29 19 16 22 13 30 36 20 24 7 19 31 34 30 35 25 34 46 22 27 19 18 34 45 36 7 26 41 31 36 28 21 11 10 25 38 15 11 33 13 11 6 12 42 13 34 42 50 45 38 
33 30 33 11 35 20 26 13 14 39 48 5 11 29 37 50 46 20 23 10 10 6 8 49 31 17 40 22 48 44 48 15 23 27 13 6 27 26 44 42 6 22 39 29 28 29 18 43 10 46 49 49 49 31 48 5 40 9 38 35 5 17 34 5 8 27 29 49 21 13 18 39 41 37 50 44 34 49 7 40 22 26 37 40 9 18 49 19 28 38 24 36 26 31 50 35 37 11 25 40 
17 22 49 22 41 31 40 35 19 32 30 21 41 42 26 39 15 10 34 30 14 28 40 49 36 9 30 29 45 18 14 48 43 13 49 50 18 5 45 21 18 33 9 11 18 42 35 35 23 11 25 31 38 40 5 50 40 11 27 7 13 24 35 6 15 45 38 25 31 50 12 26 32 48 9 8 42 50 9 8 11 8 36 42 25 33 5 47 46 36 10 5 46 25 16 47 41 49 19 20 
42 24 50 38 40 42 22 20 23 8 25 9 32 42 22 18 8 6 36 8 33 27 27 12 23 35 7 34 48 6 19 14 26 16 40 22 40 22 12 30 13 20 41 10 20 24 17 5 22 5 5 45 33 46 26 48 20 34 13 49 50 38 13 33 11 46 47 38 40 36 50 41 46 33 15 35 42 46 46 15 18 5 14 7 37 8 20 30 34 33 42 25 49 19 22 15 38 50 31 7 
6 5 17 9 27 30 42 43 41 43 34 21 29 14 5 5 35 44 20 31 17 32 22 29 17 35 30 23 16 16 40 31 32 46 49 13 40 29 15 25 31 48 6 19 8 31 15 15 14 45 18 29 15 16 29 43 30 28 33 11 31 23 40 18 47 38 9 21 33 32 37 25 15 16 48 22 9 22 49 32 19 41 15 38 22 24 32 14 42 14 16 22 48 25 34 49 6 15 17 9 
28 32 29 37 18 21 15 24 20 44 36 25 15 48 14 38 30 20 48 5 21 18 37 34 16 28 7 33 49 25 12 15 10 23 19 8 5 46 18 47 37 18 21 47 39 29 45 22 23 13 35 5 49 18 49 15 19 39 43 5 34 41 35 19 25 17 15 27 48 48 34 32 39 19 28 18 8 16 38 16 46 23 19 25 37 46 27 19 29 15 5 39 19 7 18 29 37 26 19 21 
37 10 17 30 16 6 41 17 13 45 47 11 10 36 20 26 28 25 5 22 18 32 23 44 20 23 45 6 21 50 7 7 14 44 18 28 45 38 30 21 47 42 7 44 8 36 30 49 28 39 6 36 35 49 11 15 40 33 20 38 14 15 49 13 45 7 5 27 35 48 16 44 41 44 15 7 50 6 32 30 50 14 24 19 10 5 21 30 47 8 9 12 16 8 40 21 36 47 31 15 
22 25 43 19 20 17 29 20 24 33 44 13 21 6 27 15 35 7 30 12 14 14 44 19 39 24 50 10 46 22 9 41 24 15 43 36 23 28 33 27 42 31 44 31 33 20 26 12 34 44 15 34 7 19 31 6 19 29 15 42 22 6 15 32 5 33 37 34 15 12 13 30 37 40 15 5 36 24 8 40 15 22 7 11 29 37 21 41 44 40 9 43 9 26 45 19 40 43 42 10 
32 9 25 32 48 45 14 32 29 23 26 6 27 22 30 37 15 40 47 41 21 29 39 33 13 26 46 9 49 21 16 21 30 50 46 8 43 48 15 49 49 38 45 42 33 36 26 39 22 27 48 43 32 8 40 43 47 38 46 19 34 21 36 46 29 47 49 17 27 39 12 50 35 12 6 19 41 36 33 35 36 13 33 13 17 49 8 15 44 12 29 36 22 18 31 27 40 21 34 35 
21 7 39 22 21 8 33 12 50 18 8 7 15 5 47 19 17 41 21 25 35 43 10 27 50 34 15 30 11 45 43 15 23 40 15 24 8 37 42 49 38 34 39 16 34 41 34 6 20 21 23 21 7 36 50 21 41 15 27 49 46 31 10 43 30 22 34 46 33 45 20 38 28 20 44 35 47 49 46 19 19 27 36 44 5 16 41 11 21 13 20 11 46 8 21 36 24 34 8 28 
19 23 6 8 41 14 9 46 9 19 39 31 45 14 36 44 15 44 37 36 13 49 8 31 35 36 37 38 40 17 23 37 5 49 45 13 24 7 7 33 49 31 45 50 21 37 13 35 40 6 13 29 44 46 17 46 15 34 21 25 8 5 42 32 19 48 40 36 13 10 28 22 27 22 49 47 5 49 16 38 17 11 10 20 26 11 47 23 28 32 31 15 12 30 38 39 20 40 42 34 
31 27 35 36 5 34 47 7 24 33 22 20 40 23 32 15 25 28 49 45 32 5 18 32 44 35 38 37 27 19 11 25 44 39 19 24 26 37 9 35 30 25 48 6 43 41 33 23 8 29 7 15 17 22 48 28 12 29 10 50 37 40 42 28 25 31 36 20 20 12 38 41 28 20 25 47 21 19 19 13 36 35 31 6 25 14 12 18 25 38 39 19 7 35 35 35 38 29 7 33 
32 40 41 39 12 47 18 6 32 23 38 41 47 31 37 41 28 10 8 29 15 50 24 28 35 29 13 13 49 29 28 33 50 44 48 40 11 6 7 46 45 40 14 18 37 15 46 13 33 44 10 41 27 46 10 27 42 23 19 35 9 36 19 37 14 38 42 26 11 39 9 36 16 49 20 25 29 33 43 18 43 37 28 23 31 48 14 34 31 20 32 12 26 44 10 47 40 14 38 8 
44 15 46 10 34 11 41 35 21 47 42 47 6 13 6 30 26 7 19 23 49 7 11 30 32 39 12 39 33 35 42 9 30 20 45 24 7 50 29 48 14 36 44 16 41 21 26 38 36 46 11 10 35 24 47 23 10 42 26 29 8 7 8 41 35 50 25 27 10 28 14 18 46 5 47 25 16 23 43 33 31 30 12 10 29 20 24 35 25 30 18 5 23 40 19 29 31 47 21 40 
5 32 37 13 25 12 12 17 14 40 33 27 6 44 17 11 43 40 34 5 25 8 22 33 43 18 24 20 33 42 18 6 31 40 8 31 46 35 27 35 35 39 43 12 7 36 7 23 48 50 23 24 23 37 32 41 40 32 5 23 46 20 36 10 19 36 21 50 26 27 32 16 14 45 30 32 45 15 9 37 24 36 25 21 47 19 24 42 42 11 47 34 30 50 35 47 7 14 29 19 
32 39 13 37 47 21 10 49 49 27 10 32 35 33 47 9 6 21 23 15 11 12 38 23 46 47 20 33 44 11 28 24 8 43 35 42 31 39 16 19 50 50 26 47 48 19 32 12 6 25 36 19 15 21 23 27 44 43 17 17 37 32 22 37 10 10 28 15 9 38 28 38 11 7 44 20 11 7 46 6 48 35 30 19 33 15 43 34 19 40 14 25 30 35 33 21 12 25 28 17 
47 42 23 11 19 11 38 39 50 30 9 19 36 25 26 32 44 50 44 21 15 45 12 23 23 32 44 7 28 36 29 35 29 44 15 18 18 40 29 36 26 8 13 29 12 50 34 38 17 9 17 45 24 32 11 41 20 6 28 16 49 26 20 28 42 38 10 20 34 20 45 46 22 31 23 47 36 42 30 32 28 25 42 8 43 13 45 7 49 40 7 20 7 10 22 23 29 21 21 28 
29 27 12 10 33 38 35 25 30 34 29 50 13 22 28 23 35 50 21 19 6 45 45 26 14 8 33 29 26 32 42 16 39 31 13 43 22 22 16 7 19 31 5 48 48 41 23 41 44 26 48 17 16 9 33 17 26 17 44 23 29 13 29 41 41 49 40 41 33 6 5 30 7 5 42 13 22 28 35 25 32 45 13 35 33 28 13 20 17 9 24 40 12 41 10 38 23 8 31 14 
34 36 48 27 10 13 30 37 19 18 12 18 30 6 30 44 7 9 43 26 42 21 22 9 38 32 38 44 25 33 15 28 36 50 19 35 9 49 33 42 7 37 33 6 19 19 20 39 39 44 37 10 39 11 12 48 12 50 26 10 7 11 30 31 50 35 13 22 34 37 17 33 36 9 49 34 20 7 23 50 42 17 26 20 10 47 6 24 37 32 24 28 44 34 50 14 50 27 49 5 
7 29 27 40 29 30 21 20 12 38 22 12 14 26 10 5 35 46 41 25 36 25 18 27 33 40 47 14 39 5 17 28 44 7 13 20 46 27 23 12 17 6 48 15 44 19 8 12 43 14 48 9 47 41 7 36 26 7 47 13 33 22 14 39 24 34 6 17 22 40 7 43 18 48 9 14 44 37 21 28 15 12 43 31 21 8 21 14 15 25 14 12 16 46 6 35 41 9 27 20 
34 17 45 30 27 18 16 43 34 29 42 35 50 20 31 13 6 37 31 45 36 12 15 48 30 12 24 5 23 5 48 8 30 10 19 8 6 27 8 34 47 18 44 31 44 18 31 9 37 50 13 41 6 36 10 6 33 19 35 23 37 46 7 21 37 12 6 27 47 17 39 14 20 13 8 42 31 45 13 33 24 18 34 44 47 49 12 9 38 17 23 14 11 14 50 10 26 48 18 42 
24 29 24 35 49 38 30 44 10 9 16 20 34 6 36 21 32 29 28 41 14 24 36 43 19 27 38 15 42 48 13 6 25 43 49 18 24 21 17 45 19 33 12 26 32 12 35 12 10 12 6 14 35 31 42 7 18 50 23 6 30 38 37 9 31 17 47 27 41 5 44 40 32 25 44 22 44 12 11 25 5 50 28 45 40 10 44 19 7 13 33 14 42 26 38 19 5 31 45 47 
46 42 46 44 41 10 16 33 24 45 33 45 43 49 22 34 28 40 7 50 46 7 50 45 18 7 30 43 38 18 33 34 50 27 47 28 5 7 47 5 46 50 7 31 38 34 50 20 35 19 39 13 48 46 14 38 32 37 35 25 31 47 13 20 36 41 43 50 44 8 34 19 23 42 34 46 47 46 17 49 26 43 14 23 8 48 26 43 47 12 9 40 50 12 5 9 39 25 34 34 
7 34 7 48 26 49 45 39 23 12 9 43 36 36 28 18 6 37 49 14 21 31 47 42 28 38 46 47 45 33 36 40 47 12 6 13 47 39 34 11 37 15 33 17 20 15 22 41 23 17 20 14 49 24 43 40 26 6 7 48 17 37 27 30 40 19 47 50 9 16 28 35 31 13 27 21 41 36 28 37 33 9 28 32 34 50 23 26 22 43 42 21 50 44 5 21 18 34 26 7 
34 39 14 24 28 28 36 14 8 13 43 13 18 32 37 12 5 26 40 22 47 47 17 47 49 37 14 26 9 15 42 47 23 19 43 30 39 7 26 11 6 13 49 25 24 13 30 48 16 38 49 20 14 33 5 12 11 22 17 46 33 13 31 6 47 47 47 47 9 50 42 16 21 7 27 34 49 26 16 40 45 15 7 26 30 45 39 17 50 11 27 15 6 42 18 36 34 47 12 21 
9 22 34 48 35 42 27 9 48 41 41 11 17 14 29 18 50 7 28 14 47 24 29 43 34 19 27 22 27 25 8 19 10 32 39 34 23 8 15 10 5 38 8 13 32 25 34 33 16 26 19 41 35 16 26 6 29 41 43 49 31 13 13 16 21 49 28 40 23 35 16 45 7 37 28 37 41 9 14 41 36 33 14 40 36 37 43 35 47 10 29 41 27 9 27 41 23 46 28 33 
12 7 39 41 45 8 32 37 21 39 26 7 20 45 18 15 37 24 36 13 18 49 5 16 33 34 13 22 34 42 26 7 9 6 42 39 40 40 13 7 11 33 30 27 42 9 30 5 16 38 20 11 10 46 38 50 34 20 48 10 13 45 26 39 43 41 30 49 41 10 5 46 48 50 18 34 33 5 25 28 6 19 48 12 31 27 6 13 18 26 43 22 47 32 17 5 29 39 30 34 
29 34 48 23 11 24 42 50 26 32 13 41 22 29 15 5 21 31 32 12 34 24 9 35 7 16 15 21 32 9 25 14 12 9 40 5 16 26 45 39 7 31 40 5 9 9 27 41 27 36 28 36 8 21 13 21 5 12 47 17 23 18 39 25 11 11 13 8 35 14 16 14 14 43 31 21 27 32 11 11 22 33 11 36 13 50 22 48 11 38 11 35 38 27 23 38 31 42 36 33 
7 46 20 26 18 34 6 24 13 31 14 24 47 19 41 40 16 38 38 11 20 20 14 16 36 43 50 10 11 6 39 33 30 5 36 18 36 41 8 32 49 11 21 43 42 9 19 23 13 47 22 40 16 7 20 48 35 41 16 40 12 40 39 12 35 39 36 30 13 30 24 30 13 36 15 34 27 48 23 50 6 10 5 7 14 41 5 12 37 11 48 13 19 18 12 50 37 19 7 15 
29 29 13 26 15 10 33 21 12 31 20 47 21 8 25 16 35 27 50 12 36 31 18 15 14 13 40 32 25 48 24 30 35 24 7 32 33 29 25 7 27 27 27 33 46 44 48 20 15 19 27 39 48 8 5 11 22 45 14 36 31 30 28 45 28 47 37 35 36 50 21 17 33 31 8 23 9 9 19 6 8 27 25 49 15 50 22 9 18 19 47 10 5 25 33 29 12 27 42 8 
44 29 39 8 29 43 9 36 26 33 44 19 14 10 42 24 5 49 40 26 16 23 39 22 15 45 14 42 48 33 48 23 50 19 27 32 37 15 28 15 21 44 24 16 40 12 12 28 12 6 13 21 45 19 16 38 43 6 28 24 26 12 29 22 49 15 11 14 5 25 5 26 37 21 10 35 37 45 5 26 5 35 38 24 7 10 9 8 45 23 16 20 30 7 42 39 37 10 45 30 
43 38 19 49 21 18 20 11 12 24 46 49 47 47 19 8 21 11 13 17 45 43 19 12 21 39 18 19 25 31 22 26 38 33 45 33 37 48 42 22 28 20 14 46 17 29 22 21 45 46 13 22 48 32 10 35 26 16 47 36 11 26 42 22 33 24 17 12 37 40 42 34 10 23 46 35 8 11 27 31 10 25 44 26 33 25 11 38 12 10 17 5 39 49 20 21 17 23 16 32 
26 12 26 9 7 17 27 10 8 14 22 23 35 14 6 37 12 27 16 29 17 28 13 30 33 19 7 23 48 45 25 50 39 27 30 31 43 15 35 21 45 20 49 35 8 41 47 47 27 33 11 48 42 15 11 47 9 20 7 38 32 43 33 30 13 30 50 8 13 6 17 37 21 17 43 13 43 10 30 41 8 13 30 46 21 6 32 36 30 20 38 40 35 39 43 6 22 29 31 50 
28 6 18 35 29 36 24 40 50 34 15 40 11 5 39 9 15 14 16 22 19 7 15 5 42 13 18 20 30 7 40 47 43 19 45 7 20 46 30 14 26 29 8 20 29 10 12 21 13 39 9 27 43 27 7 38 18 32 22 23 34 34 46 12 32 24 6 18 40 29 37 17 29 48 5 8 22 50 23 20 36 19 29 34 25 26 11 9 47 24 25 24 15 37 39 38 5 44 29 16 
19 47 21 38 35 6 43 44 27 6 33 21 20 47 27 41 31 40 22 40 41 12 35 45 18 34 45 5 21 16 42 13 35 30 42 24 20 50 42 31 48 42 25 49 32 20 46 17 24 23 20 37 47 35 28 47 36 9 40 17 24 20 12 22 34 18 23 42 6 30 7 29 11 48 19 23 6 34 22 13 21 11 32 12 11 22 8 35 15 25 49 17 22 50 41 20 48 21 5 25 
9 27 8 27 6 18 46 35 45 5 38 50 18 47 23 42 50 16 19 19 15 23 6 30 15 29 14 29 18 21 47 35 33 9 44 9 27 7 36 19 15 40 43 46 13 18 12 41 50 42 13 38 49 48 32 29 42 22 12 34 24 29 26 20 18 7 24 45 45 22 16 33 29 35 16 8 30 24 18 13 10 11 39 10 46 17 10 46 42 40 47 21 38 28 37 45 45 15 18 11 
