28 50 49 8 43 10 14 46 25 34 31 16 31 34 47 25 16 48 35 6 40 38 10 39 29 20 23 33 28 43 8 26 17 7 16 39 35 21 7 25 49 45 22 13 45 12 36 9 6 17 
9 40 9 49 30 47 31 30 19 41 10 49 40 33 11 32 31 29 28 35 28 45 21 34 7 16 20 38 48 18 48 27 24 31 39 32 30 27 47 43 38 44 23 6 7 9 42 30 19 27 
27 23 29 13 28 18 11 44 21 42 21 21 14 23 6 44 47 24 21 39 14 44 44 14 27 14 42 40 40 23 10 49 28 11 20 29 36 39 41 22 18 25 24 49 45 28 40 24 18 21 
38 20 6 30 30 13 6 8 10 18 42 10 36 26 25 16 23 35 45 7 15 13 23 36 11 22 35 42 13 10 50 15 49 26 8 47 8 25 16 50 19 20 41 46 39 35 13 29 39 36 
22 5 19 9 14 8 30 32 28 46 46 42 12 24 6 34 11 5 6 31 31 9 40 10 50 5 43 11 12 37 49 23 31 21 42 10 5 46 14 29 47 16 16 34 29 25 38 32 9 31 
31 46 14 43 21 6 25 30 39 8 47 9 49 20 22 44 16 42 17 23 40 16 43 37 12 31 6 24 43 43 12 9 48 26 49 42 31 20 27 47 21 30 35 34 22 9 25 9 33 26 
6 9 15 25 5 22 40 6 22 35 24 45 30 45 22 40 42 18 25 18 31 18 49 37 50 17 14 29 25 25 26 50 18 25 18 37 43 30 49 13 14 5 46 37 23 49 34 47 18 42 
48 48 41 47 13 29 33 8 49 30 18 14 21 41 14 32 34 28 46 28 20 47 10 42 20 22 33 35 38 5 32 12 8 37 48 33 13 42 31 26 46 43 49 17 44 46 10 46 46 47 
20 35 31 26 11 28 28 6 26 31 5 6 18 43 11 10 21 19 17 19 26 17 40 43 5 40 15 32 50 7 7 36 32 18 50 14 32 28 7 9 10 10 46 44 44 12 30 36 17 26 
28 31 16 10 36 43 32 22 41 25 27 18 6 35 41 28 14 49 15 19 29 40 42 29 48 16 16 45 46 28 46 10 39 5 22 45 30 19 11 39 31 34 31 30 31 13 47 23 29 16 
16 34 30 33 10 23 8 17 43 43 38 27 8 31 30 30 29 33 28 36 6 38 49 11 47 42 49 8 29 33 10 48 38 20 48 18 16 46 18 26 25 18 12 27 31 37 25 31 45 22 
14 15 12 17 27 23 28 36 23 12 15 8 29 27 49 6 16 38 18 30 6 21 45 26 17 22 7 38 39 24 47 40 24 17 19 7 36 42 14 40 30 46 27 11 32 46 43 26 36 31 
45 6 17 34 16 23 13 24 5 11 35 32 22 26 12 34 16 6 13 24 13 26 15 33 9 34 30 46 43 33 20 49 46 22 36 13 42 25 47 31 38 28 40 25 8 35 13 42 19 9 
20 29 26 41 9 13 20 9 8 6 19 37 35 17 5 30 18 38 8 50 37 42 43 34 50 30 33 21 15 39 15 23 27 29 47 14 33 13 13 37 28 9 23 9 44 6 9 32 15 26 
39 13 49 42 42 12 31 37 42 24 22 44 16 47 25 12 18 21 34 11 47 35 35 11 41 42 47 12 38 7 25 25 39 42 50 6 35 25 38 16 11 6 42 45 47 36 8 20 47 33 
39 20 16 36 6 49 32 40 11 8 45 36 34 6 6 40 13 38 33 25 29 20 18 10 23 41 16 37 50 9 45 21 39 26 16 20 9 44 9 31 45 24 15 18 7 5 33 7 39 17 
46 40 27 8 38 39 7 18 19 22 9 9 23 21 14 28 27 38 16 11 13 10 32 35 27 43 22 13 24 47 48 42 33 17 14 33 17 7 18 30 37 22 28 28 14 40 31 36 45 11 
10 47 50 32 31 19 8 7 47 43 35 9 16 47 5 40 43 28 14 8 46 15 17 36 19 32 24 37 44 28 22 46 35 10 38 42 46 32 48 29 45 29 25 20 30 41 31 41 27 15 
47 50 41 18 9 29 50 13 13 49 17 40 11 23 17 41 22 19 49 22 12 43 33 5 25 16 32 24 7 29 19 36 9 47 26 13 46 40 42 28 45 5 23 15 28 23 16 50 32 30 
25 14 27 11 29 12 31 41 26 22 41 15 23 21 7 27 43 29 27 42 27 44 13 49 25 16 11 38 6 22 49 35 17 44 11 12 36 38 22 43 33 42 37 15 35 44 15 47 41 27 
8 40 41 31 12 28 23 33 5 20 12 49 36 35 39 9 46 49 24 29 33 11 27 15 6 15 25 31 36 38 36 26 18 41 45 26 40 27 44 31 48 13 15 23 37 40 7 25 18 44 
27 47 21 36 14 25 37 10 47 34 9 8 15 45 18 30 35 5 22 45 40 49 9 26 26 5 18 25 28 37 11 5 25 11 28 32 20 10 30 30 37 47 35 49 21 11 8 5 43 33 
47 49 15 22 5 39 27 33 33 20 35 48 32 34 36 43 38 38 43 15 31 39 6 37 47 27 24 14 26 28 33 36 17 17 46 21 35 6 11 6 22 12 14 21 25 41 14 44 9 35 
19 25 11 20 6 14 27 5 32 49 14 36 21 19 25 45 16 41 20 31 16 16 35 5 22 15 26 43 16 15 31 18 24 30 26 41 14 23 28 47 24 26 29 41 28 5 37 31 20 21 
15 47 47 18 23 40 42 38 45 46 34 44 40 7 46 36 27 24 24 14 38 37 31 20 8 27 42 40 14 13 14 16 45 23 42 46 41 15 50 18 48 40 10 8 26 38 18 30 45 43 
11 47 7 39 49 29 30 11 18 16 20 43 11 23 50 45 45 21 16 20 20 46 12 28 28 6 50 43 32 5 35 24 35 32 13 24 16 38 28 10 26 40 19 15 38 39 17 26 46 32 
10 42 47 38 9 24 13 26 25 19 45 17 19 38 35 35 20 16 5 29 33 37 15 9 13 17 42 48 33 27 41 25 17 27 7 24 44 16 40 6 5 34 37 9 16 21 21 28 40 50 
50 19 16 29 26 36 23 32 30 14 29 43 35 15 27 35 36 6 19 39 14 34 46 31 30 49 6 10 10 24 36 22 42 29 42 11 24 30 31 9 42 36 49 50 45 10 22 39 49 33 
11 43 46 48 28 5 37 35 41 15 20 31 45 9 16 8 8 6 39 35 46 42 47 28 22 20 20 39 16 16 26 43 49 25 27 43 15 27 14 35 47 14 36 27 37 29 32 9 33 25 
7 45 21 23 8 38 19 14 37 26 8 5 46 24 21 23 9 9 9 21 11 39 37 50 48 28 39 11 23 14 40 5 43 42 7 22 19 38 39 6 16 42 46 24 16 20 41 31 23 37 
45 49 18 33 31 17 5 21 42 13 6 28 34 11 30 34 47 35 47 10 16 20 17 50 35 49 17 18 13 28 12 28 6 32 26 36 27 10 24 12 50 26 34 49 30 21 8 27 25 18 
8 13 27 33 5 13 11 45 33 36 36 33 32 14 16 18 8 6 36 28 40 16 10 28 39 20 40 37 10 5 27 39 5 29 33 10 44 46 44 17 48 34 41 11 24 35 40 31 50 8 
21 49 6 24 28 32 21 44 13 9 47 27 10 37 35 47 12 24 41 20 16 25 37 39 33 43 37 32 16 23 28 41 20 6 13 24 26 30 46 50 31 34 34 50 30 30 7 10 44 21 
10 35 38 32 25 29 37 42 44 44 37 34 44 21 27 14 9 14 22 24 13 43 40 44 36 8 31 46 40 46 21 29 21 33 37 11 25 9 42 5 12 30 32 8 22 16 16 31 16 38 
39 46 20 43 15 13 46 20 24 49 29 7 22 5 15 31 9 36 7 24 45 13 12 13 29 27 50 33 12 14 32 19 39 24 8 37 25 25 41 23 38 5 36 34 40 14 31 9 22 50 
25 47 17 20 20 37 45 45 29 36 8 7 35 20 38 17 23 37 20 6 9 5 30 49 17 26 47 22 44 40 35 23 45 34 49 7 32 39 50 13 30 28 18 14 27 23 23 18 32 26 
27 48 18 15 33 34 42 17 8 40 24 45 34 35 5 31 45 47 36 10 39 24 29 42 49 21 12 37 48 17 50 23 8 33 20 31 50 50 24 29 42 7 18 6 28 28 26 38 20 41 
29 6 8 18 15 40 20 37 49 20 25 19 49 24 31 49 7 12 35 49 5 23 39 29 24 14 29 46 41 19 46 46 50 14 41 21 5 47 32 47 18 27 37 29 19 39 30 5 47 48 
16 42 10 5 28 14 47 10 13 20 16 31 6 11 5 37 29 9 44 29 25 31 15 37 48 21 33 49 44 6 10 31 25 50 44 25 46 17 45 20 33 33 39 18 36 14 43 8 34 19 
12 48 34 17 25 49 7 23 29 22 25 23 45 49 35 23 16 42 14 47 9 46 26 23 21 26 31 41 7 45 16 23 28 38 22 41 33 33 22 25 26 7 15 39 18 50 10 29 40 26 
41 23 7 21 12 40 41 27 46 23 21 33 36 32 13 27 45 29 42 46 16 16 32 50 38 7 45 24 26 38 11 28 10 31 29 28 7 13 33 35 6 48 5 29 8 7 21 13 22 47 
40 15 43 24 38 49 45 30 31 7 48 37 46 41 25 19 27 23 44 50 23 13 48 30 18 33 16 45 10 16 16 38 29 49 50 19 14 42 30 36 45 49 32 41 43 17 16 7 8 37 
48 31 10 13 41 33 34 5 44 46 33 45 18 30 47 27 36 41 45 41 42 33 11 30 37 11 36 12 39 11 41 20 48 40 7 25 28 38 27 28 37 50 50 44 46 14 18 41 20 5 
42 29 21 15 19 6 25 8 17 14 39 10 25 9 12 27 50 13 20 25 18 25 15 39 24 46 36 12 32 25 13 48 17 34 32 20 44 34 23 21 14 22 19 36 36 25 37 7 15 7 
23 46 37 20 38 25 11 50 33 5 45 46 31 10 19 50 39 34 49 25 46 47 45 43 5 47 31 11 17 24 42 48 29 32 46 49 29 36 45 20 25 33 30 18 42 32 23 24 31 31 
46 24 27 44 32 47 48 21 45 33 39 10 37 15 42 24 9 42 22 24 30 27 44 35 11 38 37 14 32 50 33 30 22 38 47 16 37 40 35 46 15 6 42 42 27 50 28 15 8 41 
25 49 44 5 36 31 13 8 31 28 48 38 28 47 49 39 21 19 18 5 43 48 45 23 14 15 38 12 32 33 46 50 11 33 40 43 36 30 41 19 25 27 15 43 18 34 18 22 43 11 
29 32 30 36 18 10 43 33 37 31 45 41 11 31 44 18 7 20 45 9 16 38 45 29 22 29 43 15 29 48 30 20 50 41 49 33 10 43 21 8 16 31 25 35 10 11 28 40 44 47 
21 37 12 9 19 38 39 43 9 49 38 49 33 46 39 20 5 34 38 15 19 43 34 16 7 50 30 6 48 9 19 35 29 28 23 25 31 17 8 39 21 34 28 17 8 6 26 49 40 47 
25 14 22 39 17 47 7 44 40 22 27 16 12 35 8 17 39 50 32 32 30 25 14 16 32 41 47 10 38 18 31 19 44 34 50 39 44 17 13 50 36 15 18 24 7 17 9 8 40 40 
