484 205 318 470 75 68 213 427 113 129 434 364 457 92 392 366 379 188 110 142 163 444 241 476 167 451 208 60 13 483 118 330 434 138 61 137 35 329 209 469 206 367 306 127 318 417 155 237 38 238 53 170 26 335 150 22 306 389 128 409 330 314 459 139 393 25 90 364 382 418 355 286 110 456 496 114 167 174 274 137 437 225 175 10 276 345 337 393 482 176 18 400 253 144 490 208 349 252 322 203 
96 443 53 77 332 308 311 94 10 496 265 46 470 245 221 271 492 483 168 379 185 435 81 230 176 121 437 334 295 208 412 359 79 305 408 93 161 157 164 465 260 367 439 179 249 101 411 188 324 320 110 489 245 26 380 279 118 318 24 43 17 246 360 476 271 23 468 322 68 330 419 319 427 76 193 345 401 257 451 335 119 153 366 193 122 9 482 346 476 415 331 361 294 184 253 489 443 429 369 144 
26 486 286 435 340 273 117 13 454 324 462 154 73 109 147 345 103 126 487 18 244 286 325 203 335 202 205 382 317 28 303 24 440 90 417 134 434 364 215 221 188 316 32 229 423 289 17 372 236 164 64 468 393 416 451 107 260 28 13 164 45 352 496 91 278 24 479 47 109 275 298 198 271 324 395 323 117 418 429 353 9 121 258 25 274 372 452 72 348 323 466 263 430 372 368 143 207 308 452 494 
290 273 452 68 214 377 226 417 201 155 15 364 231 273 127 394 31 36 276 493 78 212 440 356 56 415 408 416 124 294 259 41 399 247 223 472 471 268 462 104 292 193 214 52 255 67 307 288 376 117 180 448 371 154 403 312 404 292 150 451 312 91 257 144 458 433 106 497 209 135 467 425 221 125 50 377 456 150 282 78 174 79 389 438 464 109 11 396 352 179 322 141 392 179 476 346 93 394 51 121 
325 344 266 475 225 466 260 105 355 90 31 152 20 493 387 342 258 481 426 70 152 240 381 347 432 68 297 182 307 148 129 58 226 56 47 141 271 287 403 356 46 268 7 357 490 86 398 297 337 464 328 322 228 489 301 12 498 217 272 57 39 444 351 399 428 303 221 248 57 303 227 493 223 394 341 137 413 24 10 219 342 56 273 192 240 95 370 435 479 36 243 293 464 488 266 49 465 232 50 446 
449 241 268 266 167 335 32 473 168 314 418 424 76 284 337 39 179 60 58 292 77 470 402 181 466 86 439 83 27 95 152 288 292 200 141 488 42 440 88 466 54 252 244 436 219 176 491 443 246 260 396 325 238 243 444 436 227 388 7 345 8 216 452 124 499 429 472 469 450 51 322 76 345 274 252 57 244 101 384 422 157 287 287 407 426 288 37 144 402 179 324 162 73 222 256 21 11 264 10 279 
330 118 278 362 58 48 352 395 159 137 232 390 99 413 270 336 24 55 495 303 297 6 400 482 266 494 262 342 376 84 203 105 403 275 352 496 368 218 481 286 213 24 80 46 134 11 93 161 62 79 54 248 357 167 20 156 184 353 287 390 97 413 490 409 128 397 264 170 25 320 197 494 302 218 484 9 377 173 144 55 80 241 433 188 60 443 147 297 51 16 303 269 237 77 255 324 396 183 32 407 
420 411 34 223 11 110 406 415 138 401 287 309 236 129 325 368 245 8 489 499 80 402 33 150 301 396 161 78 26 169 59 289 465 118 145 80 96 208 375 462 366 290 362 439 151 100 229 99 382 319 109 387 30 370 419 383 229 75 80 17 431 121 97 23 423 245 390 496 454 189 365 24 428 243 434 206 264 344 309 444 489 167 249 218 8 33 8 150 362 309 156 103 227 142 163 425 103 491 260 376 
404 119 139 417 100 240 104 267 356 448 290 275 235 426 423 360 257 457 417 376 423 49 138 421 6 80 122 296 491 326 460 236 358 272 474 38 10 264 441 120 370 390 362 463 391 21 127 435 193 104 100 150 219 18 431 155 29 422 54 414 157 488 225 270 334 292 359 477 102 279 115 174 25 201 224 21 307 219 386 210 130 49 204 460 409 109 69 234 361 183 444 430 376 268 92 463 452 454 181 184 
338 482 189 469 29 500 241 215 33 473 10 160 194 118 419 94 172 433 115 488 460 322 409 377 13 68 159 181 304 118 311 44 327 61 184 105 463 143 60 328 466 57 326 384 62 43 261 400 267 257 292 366 191 433 70 28 368 292 475 151 498 439 72 485 288 460 327 390 149 172 399 458 193 218 401 271 42 297 119 433 145 99 424 349 310 33 166 305 331 97 179 375 156 277 482 86 141 470 324 325 
280 413 387 49 73 246 162 15 351 246 59 390 208 147 180 170 358 363 138 43 150 369 20 41 495 475 251 157 301 261 376 392 264 434 283 248 163 232 215 49 253 246 74 497 453 38 235 195 305 479 114 236 136 224 130 433 487 58 320 287 336 306 205 13 197 292 117 257 241 370 242 53 90 249 49 138 228 356 396 452 198 403 34 94 293 319 466 188 66 71 248 16 308 112 9 33 356 20 107 219 
474 279 432 316 130 160 486 225 186 72 490 126 123 169 461 57 37 19 346 190 250 182 435 459 493 159 247 134 124 397 470 238 455 23 484 34 337 143 139 189 247 142 303 73 446 436 312 108 274 61 43 71 92 429 364 297 408 198 242 51 13 323 238 404 213 420 126 452 50 111 374 443 86 124 177 65 24 377 169 470 442 25 294 56 484 312 494 471 152 447 103 333 12 211 23 462 435 380 497 252 
113 221 8 172 39 49 89 383 184 54 155 287 499 91 300 434 96 158 96 391 19 248 348 479 383 11 284 436 352 237 478 156 331 226 124 297 367 360 295 201 15 180 475 363 499 401 62 183 414 186 451 437 184 240 163 392 438 49 168 101 76 256 383 258 419 188 75 486 64 354 411 455 447 194 323 360 293 215 306 284 48 417 152 162 441 17 285 168 61 415 462 158 444 469 78 138 405 165 388 295 
378 355 419 105 225 215 190 190 487 113 53 70 90 422 479 471 190 289 271 247 261 186 352 343 35 409 363 290 315 174 91 176 334 130 59 492 473 181 365 236 186 243 206 125 416 175 229 9 169 448 186 29 314 131 110 475 50 362 176 40 239 172 57 400 260 307 75 383 287 90 369 120 324 146 465 497 113 139 168 219 242 346 361 24 296 179 74 378 63 214 40 6 480 373 86 125 333 351 378 438 
239 205 481 254 219 56 85 47 487 340 180 202 11 232 401 294 25 263 270 451 309 415 484 389 432 429 266 475 414 226 270 279 45 449 190 286 132 94 68 230 30 12 61 428 305 276 403 34 253 277 278 204 45 354 425 471 114 206 436 351 442 253 491 107 200 490 426 276 128 152 433 287 261 337 262 442 217 102 26 139 10 96 349 405 32 50 460 128 269 270 119 273 418 273 407 455 207 134 96 343 
363 364 411 242 234 437 244 446 21 132 40 477 414 422 455 420 110 229 403 118 339 482 232 357 468 46 272 35 316 182 408 355 264 110 456 280 358 179 174 202 466 313 251 38 214 20 362 287 308 270 349 73 374 381 209 71 8 342 269 152 192 213 96 364 62 325 9 189 449 179 289 442 422 364 464 430 276 453 185 264 474 122 472 195 349 231 460 203 151 359 397 366 323 358 427 73 423 481 471 290 
60 418 199 335 268 433 180 229 246 296 66 247 28 415 331 269 219 372 166 6 442 307 50 153 28 445 424 372 444 321 138 228 100 393 7 385 337 469 363 211 213 474 62 251 40 476 459 405 379 486 346 132 152 138 128 325 25 223 44 194 368 270 291 207 31 95 227 56 249 172 264 25 249 151 254 274 353 157 16 412 371 110 73 210 96 302 86 40 196 206 406 67 132 92 235 434 327 331 324 22 
325 182 345 473 485 484 418 62 247 445 487 7 298 89 354 257 482 88 112 267 304 350 236 484 327 306 208 26 332 351 294 219 370 355 499 283 190 141 301 42 347 349 315 163 292 437 184 119 446 32 25 415 484 437 292 326 151 269 176 341 157 59 44 35 316 48 396 25 260 278 43 304 461 118 58 218 237 213 165 274 100 244 174 448 316 408 315 484 165 428 288 95 499 349 456 65 375 109 217 368 
336 313 233 211 313 495 269 248 430 365 411 402 366 457 329 137 84 481 87 270 301 419 481 16 493 157 341 314 156 252 242 393 353 468 26 458 393 318 464 68 57 364 218 125 375 210 462 404 140 32 289 247 205 31 313 103 331 72 262 205 69 278 346 119 334 414 102 330 316 372 198 302 488 178 324 373 140 355 234 343 224 75 433 261 75 80 79 417 481 67 467 377 192 389 166 140 141 167 403 210 
291 387 265 399 237 266 159 290 117 46 80 444 403 77 223 11 220 318 423 454 460 67 394 270 269 200 355 436 291 412 245 233 57 199 392 364 83 272 269 55 282 118 136 129 88 394 366 417 416 415 73 221 172 157 157 17 12 293 300 173 386 44 155 132 236 221 217 492 475 382 146 286 313 373 31 160 451 361 430 18 163 322 25 215 114 415 133 258 124 118 135 297 119 229 173 18 234 402 325 356 
178 492 8 366 262 85 182 377 411 308 413 330 129 82 189 226 335 183 77 452 420 96 129 134 40 27 81 113 414 358 241 163 92 190 187 393 257 149 407 405 44 122 114 319 49 140 432 236 73 486 235 9 333 191 444 330 23 88 328 285 490 35 131 52 316 32 134 497 456 25 85 16 152 220 68 484 99 144 111 43 177 45 472 486 224 477 291 325 232 180 14 151 212 95 214 147 61 153 466 145 
7 446 182 277 410 97 381 227 441 274 122 283 439 381 448 320 377 423 488 94 235 457 141 306 254 429 38 352 316 351 336 405 459 407 164 364 467 489 498 328 101 114 286 24 78 111 302 237 473 149 72 197 56 69 232 407 40 288 440 176 342 55 218 417 196 241 493 274 283 328 381 233 318 304 349 150 282 87 102 347 304 102 343 486 431 95 399 415 28 342 243 412 56 443 238 254 48 80 221 11 
16 271 437 332 408 363 139 443 289 138 244 7 23 30 339 148 342 439 141 209 447 289 334 180 294 436 444 240 439 315 33 125 147 271 173 270 337 264 326 170 286 329 316 406 307 367 316 438 271 346 254 159 43 130 213 358 414 375 262 483 151 18 439 9 28 52 164 20 48 376 199 41 219 65 256 324 129 167 494 363 12 42 424 309 438 271 8 447 106 371 427 314 260 20 215 236 417 222 343 415 
193 96 29 238 251 7 48 219 226 272 30 226 205 144 72 183 254 288 471 14 31 206 354 293 335 313 123 334 93 86 384 289 496 275 124 289 362 381 423 300 418 353 442 350 339 422 31 280 259 414 314 244 230 392 213 165 144 267 360 157 369 464 222 171 139 179 153 167 199 262 395 302 86 349 150 153 103 451 208 124 137 153 122 416 432 70 42 468 71 324 150 418 145 368 438 107 50 278 478 214 
142 409 311 75 462 189 74 381 354 333 467 450 500 441 478 302 304 285 494 203 414 154 248 135 233 279 193 225 477 453 210 155 257 465 300 316 93 408 161 349 200 53 128 16 108 456 52 456 41 297 65 465 475 441 376 303 406 495 165 50 282 160 296 127 335 198 301 399 278 67 145 449 43 414 365 103 386 193 239 382 385 481 408 212 34 417 220 325 426 363 61 225 246 176 103 85 469 87 374 260 
454 39 128 374 315 383 50 127 351 78 297 371 290 277 114 249 410 111 121 214 410 40 234 29 239 336 268 432 329 354 446 21 211 415 320 364 173 194 113 392 316 106 300 313 38 156 336 460 426 237 481 51 399 273 35 442 378 96 207 118 269 459 74 11 395 141 258 61 432 35 167 219 205 220 112 66 483 87 378 36 19 18 77 141 317 11 205 255 170 490 231 406 404 260 428 58 121 36 125 244 
43 134 240 255 222 114 273 10 284 366 26 356 196 350 369 64 458 20 359 497 293 284 39 62 43 340 457 24 288 227 55 336 422 107 300 296 118 444 36 466 300 45 112 396 377 132 133 314 410 489 145 421 213 146 310 255 407 90 476 241 443 79 268 183 298 453 290 381 99 481 215 434 19 303 159 349 373 87 185 20 295 209 330 272 383 154 303 161 197 131 253 439 379 104 129 159 288 152 141 488 
64 99 456 297 119 336 236 96 335 157 405 364 186 31 54 407 239 208 431 57 222 324 355 391 196 450 291 140 424 476 210 466 402 206 307 14 335 261 103 181 248 72 492 361 29 189 54 131 459 271 445 137 11 22 40 311 497 246 108 297 417 240 112 321 431 494 262 75 353 346 85 313 297 231 426 237 400 222 359 304 241 223 336 239 161 441 390 308 73 376 482 265 371 367 307 283 313 398 122 365 
159 428 297 335 392 369 419 498 222 188 121 445 411 21 112 285 407 127 155 62 224 40 254 347 228 165 136 395 76 235 352 222 367 334 41 255 449 88 374 433 425 72 460 238 130 261 73 360 365 121 499 138 378 383 137 176 478 230 439 300 22 133 34 261 411 118 84 243 230 306 373 24 126 27 8 496 104 256 472 362 21 376 392 347 50 62 118 354 40 87 84 248 133 492 458 306 360 73 430 434 
223 282 230 398 317 422 439 458 161 201 457 356 440 343 464 97 112 431 158 73 440 347 147 258 96 356 7 225 334 40 299 169 403 426 295 82 492 54 211 490 223 200 488 271 457 385 371 451 313 167 308 34 165 253 100 61 419 249 206 441 308 153 174 79 240 39 194 48 142 272 252 321 421 274 14 143 428 61 111 172 300 169 164 260 284 9 375 322 267 60 252 310 36 482 39 7 346 350 221 254 
478 484 323 265 421 208 159 8 183 30 92 376 194 104 99 169 439 130 498 346 380 284 39 91 180 475 44 234 396 302 251 204 67 171 460 466 215 491 346 247 65 80 471 238 60 7 481 335 112 203 407 52 386 262 195 295 216 189 285 344 484 129 25 283 272 439 349 255 289 221 392 182 137 463 236 169 50 211 7 17 197 192 54 182 495 486 418 39 412 250 257 255 107 136 15 127 416 19 50 195 
249 166 191 34 245 212 323 258 97 76 26 188 498 155 31 464 263 392 298 31 465 491 459 46 93 322 80 472 204 91 220 148 128 259 384 88 323 179 76 306 225 131 459 57 160 487 167 197 149 39 351 57 146 153 339 388 288 174 446 136 472 316 461 329 473 74 222 373 119 479 343 285 416 289 231 324 139 229 181 305 194 103 28 230 100 56 282 111 234 444 238 310 67 324 449 72 465 334 418 40 
185 21 15 15 496 269 416 261 396 226 387 472 317 207 404 28 444 439 205 291 424 32 398 150 50 342 6 340 98 210 353 128 173 142 190 167 281 320 58 300 391 460 122 403 227 333 144 466 360 308 249 54 111 108 482 354 305 183 228 333 126 188 142 167 344 11 85 259 34 30 185 169 217 359 451 203 489 444 465 465 29 18 10 26 106 95 391 43 429 406 406 396 270 352 220 184 436 450 494 268 
365 484 228 330 232 163 12 174 467 85 225 156 339 86 345 447 324 389 78 58 456 227 47 305 183 481 30 485 155 443 68 247 450 273 40 21 451 405 329 394 217 10 308 332 399 164 115 221 326 289 85 495 142 315 34 112 299 355 431 26 169 119 212 93 22 85 129 403 208 85 139 205 120 52 12 491 264 463 482 77 415 293 316 308 160 427 310 303 476 310 424 472 132 303 18 213 286 55 464 351 
150 478 422 331 262 238 59 286 483 69 6 63 317 396 176 308 451 43 141 315 241 364 185 210 169 180 197 22 236 310 414 184 116 170 80 250 175 405 120 354 366 150 167 42 237 146 390 432 319 209 38 164 304 345 396 215 285 484 112 279 131 290 42 260 263 419 432 450 230 342 317 314 393 75 160 487 232 202 8 180 403 301 80 394 229 487 120 130 280 362 47 401 333 259 479 39 261 424 395 279 
422 316 465 275 267 65 447 90 208 226 81 459 39 44 124 92 51 184 446 5 370 389 118 232 495 139 210 289 210 260 42 330 257 38 105 69 245 424 495 356 37 300 146 231 58 396 491 333 64 290 370 454 62 239 296 133 296 72 302 219 349 206 456 160 338 206 364 114 153 77 473 262 378 291 56 312 137 403 322 311 358 292 202 430 319 407 312 120 248 97 12 220 261 93 155 323 169 152 58 350 
6 271 163 464 7 85 155 14 135 211 101 435 346 15 313 106 407 475 189 258 228 156 391 376 355 165 279 20 199 342 59 356 57 309 128 439 282 493 456 113 298 419 345 166 272 463 158 245 349 345 133 31 328 227 399 368 330 341 66 98 369 69 170 335 500 70 455 471 260 109 215 269 292 488 453 225 81 477 362 260 442 472 225 500 333 18 51 319 59 391 298 320 251 95 320 82 197 96 403 371 
426 179 304 428 233 418 16 131 215 32 420 397 461 361 50 76 491 230 441 318 44 301 183 317 250 284 315 114 433 174 225 444 33 236 130 163 11 457 83 17 42 336 164 369 248 238 390 397 31 278 489 170 123 277 238 430 78 79 130 373 242 288 57 427 123 37 388 195 190 204 450 441 120 242 90 274 77 176 224 66 197 414 138 239 474 477 362 499 342 24 483 262 317 147 146 460 162 369 59 37 
255 118 63 470 274 347 413 305 423 324 91 42 500 42 230 170 43 370 313 57 357 13 468 268 403 31 40 394 428 196 396 374 192 52 310 121 268 13 99 166 386 182 230 462 384 232 428 343 472 372 98 318 243 20 481 325 63 67 59 209 22 255 269 39 165 366 50 64 243 426 297 139 141 20 446 173 12 140 446 397 150 287 216 404 404 471 376 238 70 249 376 39 296 246 441 427 271 119 219 431 
486 185 438 357 413 233 337 159 293 165 435 446 94 466 434 117 67 150 6 395 43 174 166 206 220 403 117 477 179 135 186 320 212 289 37 219 129 89 425 399 185 230 368 382 302 395 125 23 254 157 437 405 108 391 308 183 256 39 148 289 26 307 437 143 277 284 389 117 468 344 340 411 304 343 498 364 17 99 500 345 40 355 335 289 336 123 30 182 369 345 260 462 379 285 35 23 311 7 160 150 
494 13 100 11 250 206 28 120 108 227 166 196 491 57 76 33 180 337 357 462 23 43 204 207 134 426 270 171 316 352 168 421 393 275 482 250 436 156 219 478 279 266 120 404 217 126 23 36 451 440 392 353 308 347 367 330 388 490 262 416 417 489 424 479 373 457 450 493 349 72 388 416 423 316 217 264 435 435 306 286 312 477 206 441 466 400 493 414 484 104 318 370 216 80 233 199 280 295 471 303 
23 65 216 499 192 199 32 370 238 205 281 385 27 163 372 25 443 459 358 389 231 387 41 277 326 376 133 167 373 363 107 161 24 76 150 176 188 343 497 491 191 230 242 481 112 251 64 297 164 42 305 373 497 456 323 249 83 94 182 112 168 259 38 89 73 348 254 254 114 477 223 369 480 414 283 482 100 442 263 424 405 380 285 141 109 409 128 443 65 178 263 70 373 315 371 11 133 205 456 159 
268 11 196 434 133 244 489 28 452 467 60 347 50 152 137 127 376 124 272 296 231 20 480 63 439 462 254 464 18 313 67 297 351 119 342 28 69 16 156 488 493 437 242 403 317 232 478 31 403 33 67 39 410 64 143 490 234 288 45 477 191 43 464 87 439 341 437 481 160 35 231 476 181 436 20 241 270 72 243 371 78 473 153 94 409 294 449 472 236 193 353 139 170 353 134 272 189 465 378 382 
429 259 205 43 413 102 344 118 443 68 487 437 359 298 45 106 55 108 14 442 401 270 108 142 286 329 402 416 117 244 27 469 117 237 152 334 455 389 16 259 241 97 294 72 333 405 436 94 413 62 36 374 109 328 457 399 487 128 217 339 157 238 139 105 136 477 276 251 240 287 251 42 489 376 460 234 352 150 109 77 133 349 194 441 368 170 99 65 286 345 133 409 476 109 212 374 388 49 237 102 
222 486 213 403 53 29 173 31 252 448 66 114 189 332 191 285 450 404 80 355 19 238 141 127 233 80 338 349 436 59 321 380 402 95 462 494 347 139 417 14 7 311 172 122 87 485 201 412 404 126 154 195 210 84 310 464 14 425 488 12 39 32 15 374 36 432 302 70 165 428 438 396 121 58 397 223 77 500 39 109 48 194 122 495 182 232 182 113 420 363 401 151 352 405 23 211 261 497 464 61 
232 15 460 363 101 56 396 377 244 64 134 237 373 239 257 378 136 290 377 202 189 65 239 389 344 200 109 84 103 11 143 462 105 42 224 180 144 440 255 426 25 389 196 403 481 122 283 174 120 423 287 495 66 378 17 424 51 246 252 216 319 68 384 335 177 478 20 225 479 124 318 402 231 192 144 311 421 138 467 169 204 253 25 145 320 354 19 180 475 65 10 354 16 130 27 137 188 440 170 464 
89 419 210 418 280 13 199 286 453 146 442 8 5 312 7 295 308 109 43 41 319 238 309 323 384 53 140 375 228 485 213 242 52 130 340 129 349 339 483 38 139 89 220 196 301 199 40 243 461 29 474 209 297 187 262 35 384 434 152 493 13 431 134 133 321 399 347 489 153 160 159 114 98 170 231 150 172 10 120 73 56 472 271 306 405 428 25 161 222 177 283 433 10 416 337 107 255 133 141 494 
178 447 494 19 470 260 475 441 195 200 289 365 114 441 398 446 65 426 366 278 415 118 421 102 230 306 438 500 361 336 372 418 423 99 292 334 478 39 104 163 375 86 495 171 292 411 392 329 374 247 347 495 400 483 65 275 251 230 270 127 438 391 81 313 447 385 192 23 300 270 6 422 439 278 353 56 283 143 50 356 279 75 211 492 174 362 265 29 398 149 367 37 37 371 251 106 67 192 205 76 
377 233 395 491 198 479 472 186 223 305 180 452 304 333 427 117 388 144 8 454 456 294 72 96 489 254 446 363 384 412 407 76 82 365 392 48 419 420 324 162 422 365 214 263 262 492 379 187 336 416 404 410 36 178 69 323 489 377 122 119 497 331 442 382 421 276 435 195 132 304 150 13 23 58 305 294 135 27 286 232 320 392 103 364 73 348 341 402 224 344 242 483 110 350 26 5 208 198 358 396 
303 20 314 443 397 256 206 275 349 326 148 466 189 30 351 261 48 97 40 191 452 32 424 37 474 236 92 194 302 394 169 341 332 257 429 122 236 448 240 331 5 495 160 196 389 50 285 72 148 53 128 413 468 128 113 232 336 56 204 108 163 332 235 319 491 88 350 148 498 236 217 149 334 196 182 85 209 137 342 113 285 42 188 208 469 302 141 305 320 337 342 30 424 109 479 142 90 226 124 409 
299 426 43 474 208 360 280 204 173 70 69 93 207 219 163 309 142 373 408 436 66 455 469 125 95 406 44 87 277 443 312 316 134 255 467 396 243 277 167 467 435 148 310 377 98 170 269 409 468 292 16 218 106 262 500 258 298 240 466 345 444 180 451 476 68 213 168 357 472 149 379 353 136 442 302 262 51 321 414 12 239 229 198 11 395 363 175 237 436 227 491 186 28 192 281 220 442 371 493 240 
419 432 60 81 16 408 269 348 486 262 21 204 350 347 306 46 150 47 441 360 418 434 13 235 446 484 258 472 424 51 52 285 327 130 437 298 146 49 279 169 44 243 101 332 230 124 76 262 417 255 229 424 305 421 468 143 274 212 304 438 201 63 157 331 212 95 70 154 316 58 301 491 272 480 495 240 278 458 158 339 303 399 15 315 115 19 62 480 297 221 197 309 130 377 181 81 350 332 277 270 
281 329 40 244 465 494 110 430 488 211 245 196 466 163 372 282 315 487 148 78 182 162 463 414 496 311 343 36 45 65 118 187 488 415 146 71 403 231 209 349 492 404 62 423 168 389 52 434 411 7 186 270 257 444 255 120 179 389 155 44 98 453 446 113 184 401 25 200 468 387 258 421 175 91 280 484 263 395 492 214 119 338 385 53 328 177 487 470 295 460 90 64 372 85 35 249 399 312 9 238 
46 405 105 163 190 280 64 455 206 14 281 398 33 401 338 106 202 205 313 397 428 351 491 423 198 263 358 266 343 6 90 472 475 133 424 293 353 355 417 473 414 316 60 91 408 63 446 126 337 382 284 231 90 15 253 477 102 484 375 385 218 178 280 82 105 481 97 153 341 358 487 154 139 233 62 404 113 355 257 317 290 464 277 407 237 135 195 39 393 181 337 323 216 219 128 277 157 294 51 399 
284 42 385 314 440 183 71 322 363 450 438 206 357 466 44 287 259 89 384 232 226 153 224 68 461 276 98 178 34 193 475 146 15 398 276 447 144 326 254 443 456 373 206 23 270 186 286 364 220 360 113 189 341 253 18 148 57 403 387 287 35 30 429 75 459 353 276 331 87 56 192 269 188 238 366 103 77 445 304 254 365 98 128 198 112 244 14 57 166 489 494 55 327 52 86 326 490 325 244 73 
276 416 66 339 160 90 412 422 140 57 489 150 223 212 475 455 434 67 486 262 168 282 204 383 355 402 29 128 333 289 40 427 60 90 373 115 164 290 392 43 376 91 211 153 306 91 407 441 350 9 225 65 384 399 270 162 298 392 41 406 220 15 314 134 50 117 53 384 25 201 113 466 21 257 292 457 68 353 496 125 358 215 183 116 88 354 92 390 19 197 321 119 242 17 448 107 85 129 30 75 
191 493 109 452 457 256 498 103 445 57 125 339 139 312 430 188 113 35 167 150 243 84 141 418 47 268 296 139 59 194 197 210 266 301 249 175 233 66 166 166 262 215 487 267 468 12 299 248 36 366 128 315 176 99 182 282 345 42 487 277 290 214 91 262 441 400 281 14 137 465 93 227 210 301 39 436 447 161 302 432 300 132 275 308 155 460 247 293 394 447 221 109 86 398 360 403 167 192 461 80 
134 454 127 112 452 229 16 81 58 129 433 376 148 430 270 404 469 231 265 448 323 222 494 431 329 138 344 247 319 257 443 433 387 354 63 131 121 408 406 82 389 82 404 478 391 43 182 79 170 482 345 80 60 231 137 10 245 202 374 355 340 373 178 219 42 14 211 316 467 333 135 466 218 96 311 28 247 452 443 381 345 500 144 45 470 178 461 69 351 474 40 109 488 142 311 394 454 374 416 376 
308 33 47 304 354 362 125 373 349 384 277 267 247 271 202 362 351 239 21 185 27 417 391 320 279 245 320 286 374 448 319 352 136 6 70 498 482 298 258 15 319 494 345 78 200 472 388 54 108 28 161 489 27 415 121 484 294 430 11 389 46 362 322 98 488 109 454 245 216 29 41 305 491 393 69 457 268 441 145 159 428 163 366 495 236 345 411 226 131 162 252 98 498 340 303 229 74 478 258 110 
427 162 71 345 441 156 428 287 282 411 172 344 72 355 257 279 90 402 287 353 499 336 224 373 194 440 254 257 271 250 180 477 481 123 163 195 119 487 233 16 329 237 56 366 248 40 192 42 344 171 278 53 338 416 237 143 490 371 120 409 238 281 395 121 194 403 131 72 26 26 214 217 155 293 318 438 53 460 119 412 24 22 159 405 438 429 187 494 87 311 255 14 412 445 493 298 139 402 372 204 
67 290 311 164 315 365 176 108 276 241 466 155 140 396 13 214 287 288 218 461 49 171 405 110 12 116 53 334 334 213 189 301 311 149 486 24 211 11 237 385 182 354 490 455 238 268 153 145 428 457 246 76 460 153 221 155 148 250 180 188 252 497 465 156 274 145 408 280 208 459 22 496 107 290 479 358 467 213 434 174 387 224 74 496 259 233 199 482 498 98 253 414 258 84 357 458 302 466 111 381 
496 285 81 404 261 355 326 214 62 285 75 269 80 308 225 40 263 269 372 212 124 59 122 130 376 322 336 401 343 187 108 91 232 258 323 7 263 329 24 281 160 259 87 285 217 7 125 14 302 50 337 361 103 156 205 233 303 235 97 14 162 182 134 186 474 182 63 299 437 309 36 347 420 24 435 257 344 337 371 483 193 316 357 349 275 326 103 215 438 115 430 148 116 109 460 193 356 267 198 86 
252 211 54 170 303 392 388 273 445 369 140 421 381 215 108 208 139 175 286 227 46 373 61 466 449 400 269 371 109 219 237 264 392 250 485 331 236 77 63 60 418 95 146 31 252 256 370 227 55 325 225 75 167 483 194 144 214 236 189 302 215 165 404 99 151 434 116 236 434 104 227 359 36 179 462 320 182 304 326 400 242 431 146 270 345 15 48 36 495 230 158 58 211 242 471 79 44 283 478 71 
299 13 113 148 160 306 324 266 30 92 435 426 33 252 176 98 176 487 350 130 456 260 435 444 319 80 288 115 15 222 443 42 174 167 41 435 134 408 26 403 257 287 259 159 28 427 20 500 368 429 493 464 92 337 76 201 227 13 305 473 183 20 154 170 81 172 131 263 51 53 433 97 496 122 92 416 453 105 336 133 67 343 380 296 484 253 77 224 79 469 38 328 280 451 34 477 287 107 136 83 
63 16 175 88 480 29 249 310 5 64 415 210 41 112 324 50 316 39 178 364 391 371 165 50 299 314 443 404 259 440 486 78 245 357 202 265 487 225 28 122 184 395 405 200 484 217 417 119 121 218 375 105 253 441 272 186 243 500 368 266 230 359 269 135 173 83 318 247 215 234 8 442 122 104 389 176 24 316 248 9 327 368 368 203 387 179 450 470 69 352 73 228 45 139 55 409 243 183 335 16 
136 52 500 449 204 306 159 360 431 338 167 382 102 286 492 94 162 297 337 382 172 88 481 156 191 187 160 194 413 10 327 57 492 273 418 433 40 427 309 105 465 229 9 42 151 285 16 150 365 44 295 341 305 321 413 403 474 277 413 67 70 23 309 287 489 374 19 439 82 38 273 421 40 291 193 452 92 152 482 459 228 259 150 347 344 267 482 465 89 327 445 355 237 400 108 259 389 352 80 207 
364 436 90 206 448 300 189 147 485 272 432 233 325 282 344 256 146 19 292 363 257 393 362 476 161 112 482 138 388 465 278 414 110 317 132 109 98 439 130 135 70 345 280 160 93 455 332 213 249 402 168 17 137 217 401 442 88 401 290 219 206 248 138 14 370 464 67 101 67 491 382 97 74 414 248 480 160 485 316 155 450 150 90 291 338 344 9 254 449 387 102 28 165 258 487 300 172 61 351 108 
396 102 9 369 355 412 31 454 127 488 327 32 89 337 281 320 101 292 318 267 121 33 282 24 117 135 341 23 473 376 447 154 450 442 322 216 498 79 162 322 80 125 438 110 428 201 390 205 300 334 245 27 392 252 363 450 274 330 349 331 338 465 8 354 240 377 290 490 291 270 219 169 380 224 127 338 118 440 291 354 120 207 479 111 118 224 477 216 498 460 234 271 351 420 354 299 200 251 59 339 
418 382 392 30 397 386 309 10 269 255 487 24 151 129 343 412 346 314 237 271 121 337 6 190 142 183 495 14 410 84 201 359 75 229 210 425 332 464 285 486 462 434 142 108 296 265 415 385 6 136 447 452 40 105 55 43 387 437 303 461 349 449 204 130 355 137 31 285 225 460 173 203 94 27 445 380 311 201 79 267 416 208 419 200 305 116 377 426 235 187 65 100 264 94 64 454 323 46 403 292 
196 339 176 108 380 441 301 52 361 437 108 383 144 432 172 32 378 37 392 212 490 207 48 68 237 62 72 347 27 45 478 25 410 312 120 233 33 205 250 348 385 181 398 103 187 286 177 373 112 218 223 166 167 414 357 356 63 223 111 307 77 360 436 330 366 292 466 122 274 397 479 491 307 418 117 282 59 103 483 14 280 264 222 485 165 65 459 304 172 274 464 286 22 249 489 159 66 14 424 372 
446 105 133 150 352 173 469 76 358 113 84 344 334 270 402 297 225 495 28 189 164 455 133 63 371 122 143 106 261 25 430 45 497 317 262 215 33 327 262 499 75 401 238 185 408 421 208 106 432 71 459 27 264 277 472 401 443 478 239 373 489 369 227 192 133 387 100 144 377 361 88 100 425 288 479 171 460 159 400 204 237 216 93 70 42 467 168 237 94 118 344 172 466 261 155 393 200 450 478 138 
302 398 233 165 437 322 85 392 71 204 253 412 288 494 453 435 269 383 285 272 355 355 441 438 314 39 453 272 45 439 300 414 389 76 376 211 258 429 396 250 465 181 220 22 265 135 322 44 100 10 68 92 24 83 25 485 483 110 107 150 288 126 459 121 208 385 241 414 111 8 323 331 462 114 78 238 296 462 28 413 154 432 425 419 19 458 361 325 392 351 226 306 203 59 158 29 11 211 412 331 
432 471 313 33 376 426 65 221 134 247 355 373 359 190 100 229 107 173 154 243 458 255 14 348 203 288 143 427 209 421 367 321 456 357 457 160 181 473 420 141 311 74 146 292 255 310 433 334 436 452 259 127 141 102 363 156 288 304 192 114 270 233 105 369 498 175 62 401 121 446 56 78 248 315 144 281 220 494 234 270 335 135 450 398 162 495 20 162 459 430 264 479 493 292 92 383 142 433 495 468 
287 43 301 471 236 410 164 349 10 404 126 246 201 354 423 263 216 271 74 347 153 324 497 360 171 389 352 496 159 36 489 369 18 61 383 96 180 331 413 344 353 383 337 194 53 352 220 42 410 116 455 293 187 371 200 476 21 89 475 149 494 324 420 223 35 239 103 45 472 376 21 243 255 294 217 225 198 362 491 406 264 331 289 70 86 374 237 383 478 90 339 171 213 113 454 380 207 232 210 233 
181 198 96 352 298 410 479 132 181 354 349 491 167 204 142 219 325 192 440 14 222 216 59 348 191 79 127 197 61 361 404 401 326 440 298 497 232 280 305 298 103 267 268 146 415 263 5 31 299 492 193 125 208 293 380 497 168 429 180 289 170 255 292 99 281 471 70 244 92 246 482 256 221 69 162 322 108 122 74 237 474 307 9 270 84 191 377 13 259 131 294 471 337 290 211 204 181 279 351 70 
416 412 430 95 12 55 168 8 159 457 43 127 66 157 220 190 254 171 309 6 59 234 271 212 381 75 213 233 171 165 398 457 242 274 101 72 132 271 263 255 421 59 399 164 144 365 76 468 60 278 452 242 404 321 149 405 300 440 401 156 220 61 281 170 262 476 466 465 296 219 74 173 379 90 423 497 253 18 243 199 389 267 416 139 122 474 338 21 49 415 185 368 439 66 151 209 242 172 120 361 
170 175 208 115 37 56 164 380 260 374 474 27 412 210 304 251 177 381 445 146 255 122 144 192 243 325 363 449 52 384 398 122 231 125 408 81 205 35 196 211 77 217 153 257 227 360 239 305 372 370 335 301 161 151 288 101 375 333 207 103 71 26 424 169 94 74 358 108 103 63 378 365 146 112 231 493 197 126 49 71 70 140 181 25 485 380 166 252 402 435 228 276 319 113 57 284 350 137 153 189 
67 46 286 83 107 240 200 247 26 470 353 408 149 375 431 148 56 258 445 499 192 49 443 487 275 83 169 467 108 367 407 464 456 383 404 282 328 187 110 129 202 430 239 411 64 260 342 328 458 101 305 52 187 335 47 384 225 479 257 30 397 291 491 310 436 210 245 236 281 210 311 460 418 429 400 354 381 336 218 259 121 240 333 100 235 461 188 108 287 188 422 427 402 388 413 97 451 146 85 146 
431 90 185 418 105 102 277 432 262 445 247 293 426 139 56 431 342 58 147 63 293 303 259 340 487 127 23 125 157 246 414 354 347 302 226 167 420 452 201 325 457 260 105 409 412 139 304 497 249 261 411 9 394 376 429 185 80 311 134 450 401 136 38 359 278 457 414 206 362 462 15 330 165 340 345 416 45 445 305 434 455 121 126 87 149 366 333 307 150 123 77 222 285 497 161 475 205 456 352 289 
192 311 243 376 369 88 198 328 23 265 135 426 44 389 80 121 330 355 59 232 247 298 100 58 248 90 47 91 344 27 12 122 421 397 184 119 234 198 363 451 150 40 28 89 475 321 303 169 15 436 135 177 329 382 140 308 410 215 267 7 147 357 472 24 204 118 297 340 268 357 445 155 497 147 382 373 178 396 404 469 250 135 109 180 317 388 15 56 292 433 488 99 27 430 389 20 89 288 297 389 
465 29 432 412 418 22 199 147 402 119 304 62 203 227 398 304 149 457 317 321 413 485 156 110 376 159 351 285 75 495 164 447 423 94 395 115 358 192 405 340 37 425 108 312 161 216 126 287 119 253 321 147 429 467 316 169 344 212 225 41 183 407 40 239 74 462 406 496 99 176 219 263 32 307 328 336 110 176 442 234 424 430 352 16 335 234 342 457 228 39 487 7 172 39 148 431 388 309 308 417 
380 250 307 23 299 462 67 392 486 426 187 322 81 455 39 362 114 453 180 225 412 318 281 423 101 377 390 373 455 251 375 180 326 168 307 134 243 195 209 67 135 31 371 29 344 256 281 176 193 75 29 311 53 475 65 185 369 357 495 180 443 348 270 438 207 444 448 72 111 63 54 284 496 420 272 426 130 77 279 37 375 426 482 32 462 6 404 171 486 300 242 490 287 337 50 210 436 450 331 329 
498 263 281 60 338 100 182 197 358 219 262 69 142 129 24 249 372 6 433 490 427 82 375 416 225 74 403 491 271 51 316 471 150 288 489 191 92 411 90 214 181 136 339 496 230 264 132 191 338 199 250 357 117 284 102 480 486 14 166 500 443 11 374 80 197 345 434 277 397 346 232 20 315 146 182 5 323 334 458 440 86 261 8 302 170 369 143 419 76 475 180 187 239 154 103 434 376 339 324 145 
249 494 440 93 181 56 396 88 432 465 416 164 29 450 86 494 398 339 410 46 144 482 447 277 358 238 500 148 360 135 312 427 207 325 163 203 342 200 94 193 6 260 270 408 195 332 500 185 495 113 306 359 182 79 412 318 280 369 220 176 430 81 88 178 12 11 377 125 216 440 209 453 222 36 413 124 102 33 115 89 481 87 313 11 386 239 83 388 385 17 486 370 448 371 498 378 416 281 122 201 
241 274 278 128 122 116 229 46 157 140 469 192 223 410 5 413 144 277 370 402 330 434 419 429 98 353 445 104 388 369 60 317 59 103 394 177 81 453 332 99 438 492 388 492 303 187 45 139 499 178 72 391 480 129 374 378 495 350 143 401 138 90 92 224 199 227 306 27 235 17 188 376 400 40 156 163 78 21 227 135 144 273 246 420 365 228 198 166 272 189 177 160 264 71 127 324 195 334 206 263 
271 19 339 14 73 449 121 82 404 231 184 67 219 7 131 98 14 184 387 347 219 35 410 378 263 33 143 467 164 123 395 128 388 114 205 51 383 175 300 379 460 288 230 84 242 257 384 427 432 239 208 451 382 320 170 35 283 437 434 261 470 443 276 360 308 475 380 351 286 388 392 336 396 193 415 97 361 434 420 39 26 387 314 144 316 389 299 495 469 38 17 184 331 127 326 62 407 172 226 234 
423 336 226 208 371 70 462 362 157 102 440 291 354 443 457 282 292 66 285 304 406 455 205 241 152 233 150 326 125 475 178 412 376 53 194 38 77 181 321 272 37 361 200 296 435 20 420 449 355 140 295 296 261 329 400 309 237 172 290 303 151 288 214 476 391 89 102 310 112 10 357 347 21 387 200 440 335 280 178 296 309 307 333 37 245 316 432 60 274 122 287 70 438 34 173 129 108 91 221 398 
306 472 177 145 349 101 269 331 30 14 31 323 150 481 343 231 310 462 437 345 414 25 289 129 194 283 392 315 370 34 312 57 189 257 431 449 65 162 152 127 90 239 254 336 312 427 207 122 412 292 463 382 260 255 447 64 143 77 239 397 285 50 321 292 137 213 253 12 28 221 428 168 421 137 172 407 465 459 376 191 453 176 296 12 254 28 87 95 77 294 72 418 443 14 229 424 391 304 57 444 
223 268 462 170 36 52 303 102 284 145 486 420 418 316 256 409 271 197 143 472 99 238 292 495 441 400 203 152 130 497 390 114 368 299 266 68 233 58 194 66 29 381 333 345 61 46 167 40 49 312 488 105 327 135 167 481 251 44 184 98 42 183 293 447 134 323 60 242 12 494 323 238 357 202 100 270 224 402 256 495 472 464 153 473 379 160 481 61 57 332 421 297 273 141 160 49 228 127 153 195 
246 428 424 108 380 81 61 131 422 218 55 268 390 12 213 347 321 44 269 320 247 143 316 285 372 426 96 201 19 177 250 38 50 211 494 28 458 168 306 436 79 473 383 329 32 62 468 69 238 393 496 65 129 460 52 182 112 34 27 484 481 132 333 136 10 398 478 442 474 209 163 340 149 265 203 230 89 383 322 479 187 145 442 74 6 350 82 278 234 364 172 66 172 298 144 196 422 296 301 11 
26 148 433 458 363 353 270 75 373 46 6 22 336 185 290 42 19 457 286 368 189 286 150 238 500 110 431 284 466 82 346 269 336 468 209 227 42 34 196 150 92 262 399 143 29 155 408 493 167 194 57 475 383 424 184 341 304 423 61 369 199 272 62 273 435 488 358 336 325 155 86 107 233 437 489 326 261 175 494 314 445 108 313 482 412 120 419 77 359 53 344 33 64 109 237 404 380 308 289 423 
128 496 243 438 149 198 148 6 225 203 428 421 109 468 237 195 7 19 448 212 288 479 423 97 452 40 291 486 114 329 25 229 397 73 25 343 211 239 237 483 147 76 180 325 90 163 282 94 76 398 434 53 148 461 474 350 315 139 344 452 216 9 72 481 41 82 345 56 396 219 202 494 164 476 406 171 154 89 333 463 199 206 340 231 47 247 254 398 226 494 419 322 36 126 421 68 180 237 59 69 
438 100 248 154 89 165 213 385 187 488 483 94 248 98 55 265 351 93 389 393 296 426 341 14 267 167 424 415 197 481 10 402 212 98 401 343 32 341 68 392 440 391 90 208 308 55 281 52 260 229 107 459 256 146 428 117 144 451 123 500 392 58 345 87 37 224 424 321 221 389 245 294 457 265 150 416 143 61 69 238 125 250 388 49 482 334 99 460 229 426 228 485 69 318 327 279 58 36 89 34 
151 215 475 37 384 133 180 145 253 207 436 188 250 424 485 449 433 144 33 57 459 94 423 279 201 133 185 347 28 477 369 139 22 476 448 440 58 241 161 86 227 471 355 297 340 398 204 75 296 424 145 86 105 58 21 15 112 341 147 407 497 127 350 362 254 40 126 488 294 56 347 78 352 449 237 440 141 337 303 193 338 110 225 423 44 314 287 392 287 168 331 211 198 295 428 440 173 466 499 341 
221 359 27 238 322 17 472 482 392 283 223 238 369 421 427 264 497 39 406 454 439 25 223 420 259 33 19 143 345 430 425 353 45 306 318 62 420 304 485 84 347 397 125 123 477 198 439 415 16 228 247 474 12 238 11 265 61 194 432 391 470 247 261 382 128 441 447 433 465 472 470 359 62 320 323 280 140 59 188 75 90 424 106 169 411 133 129 361 171 22 31 126 426 399 410 26 227 47 310 415 
205 399 98 238 214 25 369 313 322 472 466 11 160 493 101 368 107 5 335 347 286 463 281 17 131 481 434 33 331 417 453 381 66 275 474 352 72 210 84 413 267 409 315 374 339 55 16 54 207 337 445 76 430 472 356 456 441 354 22 9 28 399 433 117 33 117 471 397 194 450 124 226 186 344 92 209 353 235 416 130 57 113 53 451 22 339 297 201 87 474 86 304 146 57 255 247 90 140 184 122 
102 278 244 475 178 204 307 356 27 264 425 247 138 73 21 318 406 467 149 134 285 154 317 394 423 58 247 251 311 167 231 22 197 357 182 370 241 110 435 337 55 357 251 300 236 275 82 488 169 190 362 312 330 261 383 269 234 43 469 473 29 41 7 261 237 275 200 9 209 430 374 332 335 363 103 263 386 119 210 207 357 369 50 332 453 32 223 270 52 180 54 434 166 453 386 315 219 468 477 462 
277 76 353 99 483 494 139 166 254 86 109 161 322 233 412 248 136 221 294 390 61 11 315 426 310 293 440 471 118 267 78 275 30 77 118 18 174 335 208 345 271 321 250 193 260 265 14 291 280 472 393 52 63 395 151 162 415 49 386 495 430 223 462 42 191 293 323 163 253 389 341 151 224 221 243 304 244 207 398 23 350 220 175 465 29 332 407 253 417 446 261 114 373 180 491 40 143 131 95 221 
121 213 407 14 186 282 168 107 144 383 496 373 479 408 445 497 38 297 58 218 298 443 238 89 188 243 408 471 209 158 475 369 205 117 349 354 229 337 449 335 444 197 275 17 139 146 287 494 191 382 334 75 167 216 445 220 331 281 176 301 110 155 399 208 385 60 173 430 31 358 254 155 234 297 459 99 315 346 56 93 97 367 34 376 390 278 314 196 469 150 475 398 376 147 31 341 360 124 32 433 
312 14 191 302 491 171 164 450 163 177 75 322 114 172 202 378 105 395 391 472 382 40 412 428 111 225 469 186 443 308 387 339 220 441 133 305 33 346 42 165 98 358 248 63 429 495 274 88 13 258 217 243 476 176 471 15 60 20 152 25 256 284 301 480 363 421 152 140 450 200 376 202 487 40 173 280 393 337 62 149 51 155 498 87 486 318 240 193 321 345 265 37 259 122 174 49 398 15 431 330 
