139 484 457 275 129 486 307 127 386 416 402 392 52 300 451 272 480 38 36 461 441 242 245 354 137 379 133 321 151 10 337 484 185 448 310 172 45 55 273 344 117 272 325 191 373 66 69 194 360 89 
53 10 436 389 296 59 226 169 343 177 110 463 55 349 18 170 313 434 195 312 134 61 409 146 292 359 216 15 162 122 180 64 32 197 40 275 295 87 298 250 262 250 220 469 40 290 138 113 425 102 
153 264 488 308 435 151 338 486 82 482 458 293 442 146 201 139 413 368 252 130 225 488 71 489 167 472 119 307 127 198 139 152 36 26 256 286 19 248 31 144 201 41 175 213 487 45 230 19 66 23 
404 443 492 47 341 333 261 207 38 21 320 270 312 15 226 413 453 95 187 468 293 432 46 40 95 42 199 235 8 60 362 34 476 226 5 223 259 291 253 408 461 177 145 207 403 83 231 301 381 176 
393 92 302 252 173 438 232 26 347 323 175 417 85 422 204 123 330 411 420 240 229 15 473 436 170 384 67 341 215 462 460 19 185 333 292 93 32 57 76 239 41 456 482 14 81 265 194 289 409 369 
58 220 312 427 412 20 5 357 338 322 12 119 216 329 69 296 261 473 350 31 474 252 329 264 441 399 298 178 285 279 460 164 91 112 364 298 322 343 494 376 236 81 43 159 219 448 485 210 155 473 
82 378 94 74 399 102 379 166 459 380 147 310 88 332 337 285 368 191 101 240 232 436 121 173 142 139 384 177 275 162 247 246 446 286 121 94 182 339 7 44 250 316 373 381 180 45 340 112 55 488 
401 193 115 168 402 235 217 385 467 402 476 360 229 81 21 129 448 309 422 308 305 454 97 112 287 12 475 178 348 170 280 124 499 100 157 234 214 401 40 287 33 182 294 403 354 236 31 473 148 475 
465 63 173 380 73 117 416 387 278 432 394 152 311 249 346 257 198 266 485 428 259 195 14 191 313 477 144 333 367 454 25 91 235 116 302 246 26 272 468 482 35 313 185 250 337 117 69 391 230 109 
10 457 98 209 223 443 391 368 173 389 302 371 90 291 482 204 331 489 25 53 34 69 482 476 126 415 481 332 328 167 18 365 383 235 333 98 63 353 54 401 478 167 217 321 46 402 165 98 359 228 
77 229 403 154 251 225 485 468 206 299 399 281 350 383 182 178 412 83 394 283 62 284 253 485 343 226 187 410 469 115 251 113 366 415 420 93 109 308 344 237 302 413 57 130 66 440 138 124 418 383 
246 397 398 464 305 403 384 278 45 100 326 236 214 177 397 132 414 87 39 351 190 95 339 168 364 488 17 412 194 84 67 446 232 293 78 483 13 77 100 189 211 238 180 169 371 21 244 310 463 113 
483 47 149 184 344 472 212 160 365 32 76 485 146 301 119 443 174 479 291 242 303 25 127 424 308 309 366 207 397 69 237 239 368 36 218 231 105 27 224 384 126 423 499 184 91 101 467 264 275 274 
446 146 131 288 271 165 317 24 203 303 191 299 390 295 111 38 427 492 415 330 198 421 500 265 366 398 75 427 484 459 426 208 186 435 182 141 240 487 62 473 420 170 57 241 13 325 101 479 32 180 
345 267 69 284 399 185 418 174 319 162 26 265 405 6 202 10 303 277 319 255 497 311 230 85 214 26 134 343 78 420 319 219 345 251 382 33 152 438 41 170 495 316 232 434 326 170 323 325 489 90 
152 357 224 454 421 176 75 330 241 35 253 405 316 378 476 485 215 164 205 297 203 342 249 473 243 445 263 334 107 428 470 102 339 45 354 106 488 111 483 359 199 274 127 274 404 112 93 210 410 223 
423 402 184 65 431 45 312 12 178 169 312 90 231 500 411 59 102 221 378 133 200 441 40 285 180 165 113 286 63 473 125 355 32 43 76 261 6 456 274 462 202 58 70 45 297 65 120 105 343 208 
457 204 492 17 196 172 358 495 330 236 303 30 410 297 374 235 450 112 90 49 227 82 163 371 497 408 269 493 96 55 37 14 198 282 382 159 106 135 170 246 193 78 52 248 316 245 70 12 351 191 
305 365 22 238 67 136 274 119 286 286 282 54 415 228 258 287 242 314 14 484 152 20 203 45 121 149 419 140 184 20 17 378 208 143 331 366 450 365 39 352 14 170 486 186 159 139 452 71 267 282 
26 495 452 309 74 410 452 86 482 331 275 101 238 134 169 73 48 436 125 196 375 309 419 190 368 220 297 194 12 47 43 342 347 6 153 275 128 50 76 178 179 384 217 52 214 74 424 499 24 422 
81 327 211 17 384 359 217 242 319 154 285 400 327 377 138 307 108 334 419 40 453 227 59 119 93 447 209 82 481 489 41 247 421 80 143 375 149 463 487 92 283 79 60 377 189 123 376 294 384 176 
323 44 384 80 339 460 238 36 376 428 177 476 367 9 81 372 272 65 87 79 410 31 352 150 137 280 183 365 45 455 500 283 111 303 121 83 313 275 252 396 217 93 325 494 342 147 309 266 495 475 
29 282 390 305 110 23 36 311 247 103 496 415 258 257 346 45 30 174 11 342 457 72 307 222 337 322 470 5 369 86 445 100 275 371 162 244 200 271 378 385 272 393 374 88 383 167 411 432 54 60 
335 500 455 165 379 17 286 437 23 197 480 299 119 418 272 146 192 372 175 153 355 482 379 485 251 89 66 143 323 380 54 436 133 495 483 336 484 229 326 376 390 38 184 430 119 347 300 338 283 116 
80 425 115 226 332 95 307 114 246 218 187 449 172 495 422 313 177 421 34 142 137 380 276 246 266 141 159 146 59 221 120 172 82 437 486 137 77 22 137 488 210 444 72 186 337 306 473 306 421 258 
196 169 142 284 160 110 218 425 283 169 91 301 216 485 118 282 264 45 231 449 356 229 187 364 91 211 218 173 63 223 311 68 9 177 114 177 186 262 287 215 278 304 165 322 264 34 29 82 58 340 
160 403 418 230 481 16 403 490 131 358 77 13 386 128 300 169 106 479 259 305 326 497 16 392 286 448 57 309 97 438 82 78 104 371 179 160 48 304 184 456 52 31 321 45 470 306 392 119 284 229 
72 46 353 362 286 326 100 9 473 332 214 426 83 444 231 275 422 315 171 248 270 237 417 200 28 428 500 427 141 276 291 266 11 364 266 86 137 314 42 461 371 284 423 399 268 288 312 489 203 451 
374 102 432 377 51 288 274 25 191 339 442 60 370 96 228 171 54 81 228 371 178 328 360 142 58 379 342 365 293 176 353 129 282 253 443 345 281 159 20 170 353 251 182 20 101 345 268 83 457 173 
195 467 470 407 326 274 229 378 336 402 231 345 227 157 500 367 379 215 226 63 84 6 207 36 376 18 70 213 423 256 133 123 382 30 333 367 390 215 447 323 432 485 27 416 302 366 230 454 485 139 
104 428 183 316 393 312 411 192 180 29 121 28 222 316 339 233 358 337 313 469 14 86 184 69 422 73 84 112 31 168 177 438 61 334 262 233 311 194 301 143 72 397 457 391 37 205 343 424 419 253 
489 66 321 232 101 370 374 176 34 128 367 426 279 307 337 384 157 212 300 204 11 118 158 435 55 340 272 422 54 408 63 375 11 49 361 482 194 352 123 402 73 357 185 366 34 114 444 233 117 486 
389 246 203 298 148 122 238 214 25 171 378 405 16 337 155 353 72 117 393 414 45 251 241 160 413 84 478 395 86 77 396 322 220 275 489 105 35 498 219 170 357 213 157 148 382 141 444 257 90 93 
202 145 493 95 51 109 115 489 458 229 471 482 164 381 463 472 139 326 461 33 358 8 116 116 305 198 172 322 404 176 227 118 239 88 356 175 435 404 296 399 417 477 412 476 24 292 429 355 124 151 
20 87 242 169 349 165 294 354 42 327 217 250 117 294 244 201 118 128 416 167 58 189 78 373 138 37 350 323 356 52 248 243 66 203 371 393 203 27 296 201 279 337 466 450 183 113 40 490 221 310 
365 107 142 110 337 481 230 154 401 355 450 398 35 489 205 112 197 89 423 393 314 12 323 208 41 220 292 140 358 175 105 67 439 467 200 28 463 273 36 338 314 494 245 13 82 286 338 272 203 170 
258 488 337 301 87 320 13 400 113 135 454 385 418 158 125 297 500 417 483 470 461 414 182 140 156 486 163 377 358 332 291 159 358 83 232 493 291 423 20 80 488 465 496 354 411 148 489 17 452 386 
225 61 421 265 144 165 97 373 193 205 253 94 128 235 54 196 252 358 226 402 181 194 341 498 312 212 86 306 122 111 201 36 227 80 43 102 346 221 485 77 44 168 296 388 407 78 165 399 280 308 
195 325 25 177 334 136 44 131 40 303 333 397 138 157 447 275 10 19 287 340 187 281 255 312 12 312 221 113 8 432 158 405 439 235 373 86 199 258 304 405 182 103 383 30 28 58 311 297 355 98 
148 136 412 402 27 378 189 416 453 266 242 495 383 83 303 68 300 498 425 441 167 318 477 154 449 418 29 484 155 488 198 420 155 123 268 370 293 59 80 70 282 389 453 133 312 473 29 484 379 294 
200 384 278 418 470 124 429 303 51 164 153 94 359 214 422 30 312 325 483 224 470 393 424 456 393 73 350 233 257 117 256 289 280 146 134 8 71 351 48 345 414 355 379 15 466 166 96 361 117 6 
56 392 368 15 350 256 232 337 275 118 399 394 72 390 114 271 15 258 128 389 264 367 215 456 243 54 56 462 323 134 225 402 100 302 186 30 414 362 277 248 406 224 315 8 116 105 185 368 338 60 
177 317 63 419 468 320 113 59 331 418 155 379 452 482 184 70 85 273 128 405 94 419 444 140 216 289 348 386 5 381 99 479 155 262 461 108 231 320 5 317 345 318 498 248 458 324 416 330 21 334 
398 405 183 234 36 341 344 323 433 469 389 495 226 121 194 269 314 176 253 387 405 101 96 155 282 174 462 358 352 167 326 490 263 465 176 410 500 285 257 499 113 290 159 278 330 308 478 200 496 454 
433 478 233 368 333 253 40 461 493 211 251 236 376 391 105 497 173 28 80 54 206 142 344 329 273 466 309 333 309 156 200 83 266 250 429 416 440 160 168 376 25 69 110 214 362 85 437 227 313 113 
391 466 349 270 405 238 41 370 182 305 451 129 59 86 16 435 374 207 224 419 338 95 36 117 7 313 213 357 315 23 219 56 449 415 255 156 99 336 49 99 254 439 143 201 144 337 354 121 354 91 
478 411 119 24 133 287 202 441 457 94 53 64 201 194 25 363 70 374 202 250 333 456 389 47 72 356 482 489 41 22 22 406 101 333 95 169 285 66 459 76 389 11 90 487 207 28 335 281 337 337 
171 385 324 386 304 95 47 102 411 32 281 246 150 240 140 21 65 284 215 440 103 101 134 142 137 187 270 163 477 148 238 221 106 449 467 61 177 350 394 308 110 269 174 82 495 78 183 306 236 182 
452 296 218 14 462 94 391 181 23 355 19 412 276 303 105 382 144 429 374 35 424 387 120 361 147 40 426 469 406 492 301 184 19 220 319 352 290 175 225 16 77 203 443 322 181 78 355 260 196 20 
197 233 245 80 156 104 127 69 425 383 139 311 104 289 305 132 296 344 405 146 334 324 240 54 408 459 282 129 496 53 225 399 43 82 246 89 168 192 174 281 195 234 81 475 167 153 114 299 177 286 
