22 18 12 45 27 17 18 38 7 28 7 35 26 45 26 49 41 48 8 41 5 8 10 12 13 22 17 18 31 32 45 31 50 18 41 16 25 11 34 34 31 10 47 44 11 16 45 28 34 29 15 7 17 9 50 46 11 6 22 46 10 48 17 15 40 19 42 16 42 29 19 16 14 11 39 25 13 29 39 17 20 6 43 10 26 9 33 31 46 12 27 31 45 44 16 50 14 6 19 40 
7 18 15 8 47 28 47 37 39 13 23 5 34 35 40 35 38 11 29 22 11 30 9 16 6 7 15 46 21 36 10 15 42 16 46 48 7 31 14 34 42 23 10 17 19 40 5 16 46 43 18 9 23 6 21 40 15 8 45 19 24 50 6 50 33 17 26 29 8 23 8 21 40 48 35 49 5 32 19 39 44 20 6 17 16 44 32 34 42 12 37 27 31 33 50 49 47 27 27 11 
17 12 11 17 15 7 8 8 15 24 39 14 28 45 48 24 33 12 50 49 15 46 14 9 31 18 12 5 24 18 33 22 20 43 36 6 25 17 29 6 40 47 8 27 34 43 29 28 34 33 30 20 26 24 39 46 32 27 47 30 23 31 40 34 8 10 32 6 6 7 13 5 33 45 13 23 12 13 21 36 10 50 5 49 48 12 48 27 38 24 46 38 50 48 39 19 44 29 16 16 
19 36 20 45 23 9 23 13 15 9 37 21 8 24 15 33 6 39 38 27 47 47 16 32 44 21 21 22 24 9 33 27 43 9 33 27 40 32 17 27 27 42 47 39 5 24 31 13 7 25 27 43 32 20 49 50 7 46 49 7 39 21 44 48 17 24 7 6 10 6 7 32 45 37 50 35 32 39 38 32 30 32 44 25 42 21 24 23 20 15 20 16 18 40 47 9 32 49 25 11 
42 30 29 11 35 39 38 13 44 23 18 50 38 15 17 22 16 6 25 26 49 39 31 50 25 5 37 8 10 24 21 5 31 27 22 8 6 34 40 30 35 6 5 25 37 9 8 49 47 50 41 29 49 45 33 23 39 37 16 13 24 29 49 25 24 28 34 45 24 39 24 48 43 23 14 44 32 34 31 6 33 21 19 48 8 40 25 40 45 28 30 33 28 29 9 33 11 19 21 34 
6 25 12 24 5 43 39 49 9 48 24 43 44 27 40 16 10 8 30 32 8 5 47 46 6 37 30 39 21 30 23 32 48 19 44 7 23 6 48 29 48 50 28 14 23 34 11 8 42 29 18 23 29 28 16 16 35 11 10 38 48 21 8 41 22 47 43 48 26 49 36 41 12 23 22 15 20 48 13 26 49 40 35 16 49 25 24 20 12 19 13 32 15 9 45 10 10 18 12 14 
24 41 12 38 47 35 37 13 18 32 6 33 29 25 29 30 5 14 41 45 47 41 16 29 35 50 38 26 42 17 35 36 28 8 43 45 14 36 45 41 7 49 38 16 10 30 30 16 42 14 43 31 38 34 43 44 34 22 8 21 37 43 26 26 5 12 8 49 45 40 11 39 40 40 15 16 15 38 26 36 34 16 36 37 7 19 13 38 13 24 48 25 7 23 33 28 48 7 36 21 
28 6 13 24 42 38 6 43 24 41 43 44 44 44 6 12 28 33 50 14 48 10 45 10 6 29 13 26 18 19 50 44 17 32 46 13 14 26 31 32 47 50 26 50 23 40 44 19 19 18 5 47 16 41 49 28 25 47 28 37 20 14 49 23 28 39 22 19 27 30 6 33 14 14 45 31 32 42 18 23 31 14 33 12 25 20 6 6 30 37 33 36 28 6 26 32 35 42 21 38 
5 39 29 50 26 43 31 43 34 45 27 40 38 39 41 15 7 20 26 16 14 28 8 13 29 29 6 34 33 35 25 37 16 26 42 29 40 24 42 29 20 27 32 22 35 48 46 35 20 41 34 23 47 41 12 19 46 29 37 21 13 17 23 14 45 27 38 24 31 23 7 40 43 14 19 14 37 31 42 14 34 13 5 18 35 50 46 24 27 44 25 16 45 47 10 36 18 18 24 27 
28 26 5 17 30 22 33 19 19 22 50 39 40 23 32 16 43 31 49 47 30 39 22 49 8 5 34 21 49 39 27 38 41 7 11 26 9 16 45 20 39 29 45 31 6 27 34 44 37 30 49 18 5 41 24 45 11 45 13 6 45 45 13 45 6 11 44 40 47 9 39 22 10 39 29 43 23 37 48 28 38 19 5 27 32 29 11 17 24 18 28 27 8 46 25 8 45 11 48 28 
27 41 31 8 19 18 34 49 13 14 44 10 35 26 39 14 22 26 41 20 46 39 49 16 50 47 15 39 48 15 17 22 36 11 36 31 37 34 20 10 35 34 17 20 32 44 12 46 6 20 21 22 46 24 25 38 43 37 6 5 17 47 40 37 18 26 15 7 19 23 25 26 15 49 24 12 7 27 17 45 21 21 37 19 23 29 46 37 30 29 43 10 50 46 9 34 20 36 31 9 
20 35 6 15 5 30 14 28 41 5 38 34 45 15 36 21 34 32 48 18 39 33 14 13 50 36 40 13 47 32 20 26 24 41 13 33 28 46 41 17 9 46 28 41 46 19 48 17 7 32 25 16 41 9 22 16 39 40 27 33 11 11 25 29 17 11 42 48 30 22 9 21 48 44 9 43 6 16 40 15 19 9 41 16 19 6 7 41 27 17 45 5 43 50 15 38 25 9 41 33 
9 13 46 37 38 5 27 22 16 27 38 50 29 8 7 50 15 25 24 15 26 37 12 11 32 50 8 16 28 40 8 48 36 21 26 31 41 11 50 37 29 17 32 46 25 44 29 15 41 21 12 18 34 22 30 34 50 6 9 16 22 23 20 49 16 22 5 36 40 36 9 29 33 47 26 22 43 49 20 41 20 48 27 48 40 13 11 10 15 15 6 15 26 24 17 34 48 33 37 11 
12 15 22 17 9 49 35 44 17 6 50 14 16 12 28 26 31 38 7 12 25 29 31 41 39 45 33 13 9 11 48 7 27 38 47 28 40 15 14 28 14 7 18 14 5 31 48 13 32 32 8 32 48 9 15 29 45 49 22 49 10 26 36 7 41 12 48 45 49 21 41 37 46 12 8 11 39 13 22 25 46 29 17 8 8 12 41 14 10 50 49 46 32 46 37 35 42 48 29 37 
48 25 33 43 35 7 42 49 7 48 6 36 5 42 32 17 44 6 32 17 36 48 26 21 22 31 18 31 16 20 10 16 44 23 7 47 15 21 37 16 47 29 28 23 12 31 19 6 39 14 6 14 30 47 15 17 25 12 42 10 36 17 9 39 28 40 21 34 10 41 20 32 40 19 6 42 41 23 16 15 49 31 43 36 34 45 43 33 5 11 8 36 13 44 49 40 40 27 43 48 
13 35 27 41 42 18 11 16 21 22 29 39 34 34 7 13 30 18 24 33 44 13 49 9 40 36 40 29 43 14 23 30 50 31 40 16 12 17 49 5 48 17 40 16 18 41 29 45 11 28 15 6 20 8 29 23 13 14 25 7 44 12 17 8 26 40 8 48 36 34 6 33 33 25 5 36 43 43 23 26 10 22 18 22 40 40 10 23 43 20 43 49 44 10 48 20 11 41 15 18 
19 48 36 29 35 38 49 12 36 10 48 31 30 11 42 19 24 13 38 40 11 41 9 42 12 11 36 25 32 47 14 39 44 38 14 42 39 49 30 30 44 27 27 27 14 6 46 26 25 13 23 12 45 45 14 5 34 40 7 21 45 25 23 12 7 49 12 25 6 32 33 44 25 18 13 24 8 8 15 40 21 14 46 25 19 32 41 9 31 45 22 30 50 43 20 42 32 42 8 35 
37 50 31 40 50 5 47 32 32 41 46 21 43 17 31 48 47 43 34 6 37 21 28 37 25 25 46 17 45 41 15 31 41 27 10 43 23 18 41 17 8 37 43 34 18 37 9 38 22 46 13 37 6 26 46 26 38 32 22 13 22 14 47 24 26 39 10 21 40 13 44 32 26 38 11 40 36 45 16 18 9 10 6 21 40 36 45 10 46 15 13 49 29 26 46 38 8 37 49 18 
10 39 6 39 7 26 31 49 7 42 39 35 36 25 47 23 19 22 47 9 49 46 43 14 41 20 46 25 48 7 49 49 6 5 16 21 27 7 41 20 43 38 21 12 21 7 43 11 15 41 32 25 9 32 29 10 33 13 22 25 8 20 18 20 18 49 17 20 32 27 35 8 20 22 40 39 13 46 44 49 23 27 29 28 10 13 48 45 21 19 28 36 38 5 44 20 32 23 13 27 
30 46 7 17 8 38 29 22 22 29 49 43 21 37 20 17 11 10 24 36 38 47 24 6 36 50 13 26 22 16 26 44 48 34 21 35 33 48 31 14 37 41 13 24 50 16 32 39 34 7 37 10 11 25 24 18 21 25 25 19 44 36 31 13 47 18 7 39 27 34 22 38 50 36 8 32 25 32 18 13 28 15 6 17 17 42 46 6 42 8 6 16 32 49 30 22 28 14 35 11 
39 12 43 44 23 15 23 43 20 44 23 25 20 10 14 44 46 38 29 41 43 6 31 44 35 17 22 12 42 14 33 15 33 47 19 37 12 28 33 41 18 30 42 37 36 36 39 27 41 8 48 34 37 48 42 49 48 8 33 29 28 32 26 15 27 26 14 25 8 49 24 41 26 35 50 50 10 27 48 47 36 13 20 11 48 30 29 35 36 50 43 10 17 16 17 31 26 12 44 14 
22 37 38 17 50 6 9 31 42 31 20 5 6 47 20 16 24 28 16 9 48 9 31 38 39 10 23 19 18 31 5 30 31 9 19 32 22 7 7 28 48 46 50 13 37 47 28 27 38 13 41 34 39 11 47 38 14 41 19 34 45 18 12 34 42 42 50 38 36 37 8 21 8 46 16 37 46 5 42 8 27 15 47 49 32 44 36 17 28 25 5 21 43 16 14 49 22 27 48 15 
20 29 46 38 33 41 22 38 21 19 48 50 40 49 44 15 12 40 16 13 33 30 32 31 39 38 18 18 46 28 15 20 34 48 5 40 20 37 30 37 35 21 5 6 28 12 11 8 23 11 16 23 42 49 34 42 26 31 39 35 33 49 13 31 38 11 28 49 44 30 18 27 24 41 12 10 19 14 18 16 21 47 44 46 50 13 24 6 30 11 31 50 45 14 44 7 18 24 45 28 
49 36 9 38 41 29 39 31 38 26 48 20 39 6 10 39 8 34 41 21 23 42 16 9 6 45 22 41 31 21 39 37 47 20 18 24 15 38 34 23 46 8 8 32 12 6 8 16 33 37 8 11 9 8 26 48 7 12 38 35 9 18 30 31 36 38 50 13 37 47 5 35 21 32 30 44 12 29 49 48 26 15 17 38 10 28 30 10 6 18 31 11 41 49 47 48 10 5 49 19 
42 23 34 34 48 50 11 13 11 47 29 10 26 19 32 27 44 37 45 43 45 22 25 26 14 37 44 39 15 42 33 48 14 24 24 11 45 20 34 6 39 44 36 47 48 19 6 25 24 49 39 42 44 36 22 12 17 20 15 6 41 14 48 30 16 17 36 8 33 29 28 50 8 40 15 34 25 34 45 38 15 13 46 5 15 11 21 47 49 14 49 45 30 46 25 49 13 19 22 31 
26 30 41 32 6 17 45 26 45 11 43 23 9 17 39 47 28 38 9 48 6 49 32 21 46 40 24 24 12 18 45 33 27 18 38 29 28 11 49 17 36 27 37 15 33 28 48 38 48 14 19 42 26 44 17 8 7 8 23 25 43 11 10 27 38 36 40 37 21 21 11 36 12 45 30 12 43 39 49 19 8 48 16 48 44 49 18 31 49 8 12 24 13 25 43 33 47 12 15 29 
19 43 10 36 48 27 7 9 20 13 46 7 26 36 19 10 18 13 50 36 33 29 39 44 32 14 21 49 18 42 45 25 38 22 29 21 42 46 26 13 25 41 11 14 37 5 31 19 18 40 47 5 45 45 14 9 32 34 36 47 26 26 33 43 46 14 26 46 44 24 47 9 8 25 46 33 32 5 30 20 15 20 14 6 5 49 8 49 49 36 41 17 31 23 28 7 32 41 46 12 
6 30 48 47 33 45 31 20 49 32 44 44 40 45 32 45 38 15 46 23 27 31 18 32 39 10 50 44 27 19 32 24 25 22 26 11 12 17 11 9 46 37 23 49 41 34 8 46 38 12 31 8 50 32 44 24 41 17 10 12 17 8 28 20 8 45 16 43 20 5 16 27 39 35 14 11 47 35 45 19 49 34 31 33 23 44 28 48 31 39 41 32 36 9 10 33 44 27 20 8 
8 9 48 27 26 27 18 25 8 46 35 36 43 43 10 43 5 36 49 37 9 47 22 17 12 50 24 35 6 12 9 28 34 30 20 14 41 15 22 8 40 50 5 45 16 23 33 39 43 44 25 33 26 49 17 48 7 24 9 16 25 14 44 49 13 9 19 14 18 45 7 11 40 39 22 21 30 37 29 46 40 29 44 46 37 20 32 31 23 24 38 44 16 36 11 43 46 24 8 40 
30 47 21 21 46 14 15 10 16 8 23 46 31 18 38 11 35 29 30 28 34 6 44 28 13 16 38 49 36 5 24 27 27 6 40 6 39 16 37 45 37 23 21 38 46 18 40 21 7 6 5 5 39 48 35 33 16 6 25 39 34 20 21 20 22 24 29 39 29 41 22 27 22 26 10 33 9 8 38 33 35 49 23 30 22 7 42 30 10 8 44 24 41 27 6 27 15 45 42 19 
23 8 8 7 19 33 50 26 41 22 6 29 49 11 23 43 36 13 15 13 42 12 6 37 45 20 12 21 23 50 30 15 25 20 32 31 17 8 18 26 23 44 28 48 41 25 23 6 28 23 23 38 6 37 24 37 23 11 9 33 38 24 23 9 24 48 25 16 12 33 7 48 44 42 41 19 23 44 43 8 32 37 18 35 34 12 36 33 8 20 24 22 6 26 12 45 16 28 7 35 
6 8 49 10 33 46 11 13 48 34 13 46 46 25 30 27 13 36 20 49 15 31 23 49 22 35 41 36 41 26 47 50 39 45 43 22 47 38 5 28 20 13 33 49 46 25 33 9 49 36 28 14 13 21 21 34 29 44 39 33 43 14 49 49 29 21 12 16 7 11 22 17 44 49 33 14 16 28 45 21 47 36 40 47 30 49 12 47 37 9 36 17 15 13 49 33 19 44 12 13 
29 7 42 30 8 24 44 16 28 29 45 31 50 29 18 41 30 25 48 29 7 48 26 9 9 39 32 35 33 47 44 16 7 10 50 32 49 14 7 35 23 14 44 48 24 24 21 50 10 10 43 19 49 48 37 27 9 47 46 26 7 14 25 11 41 14 19 26 27 49 44 38 36 24 18 43 45 30 29 49 47 17 22 46 18 8 44 25 40 11 46 14 29 38 44 16 19 28 25 43 
38 43 17 29 38 29 45 30 23 32 7 14 14 34 48 41 37 47 23 32 13 43 50 50 41 50 5 40 22 37 22 19 8 6 30 40 35 15 50 32 25 36 9 30 43 30 33 20 42 26 41 28 10 46 22 8 50 10 27 29 24 49 40 38 44 9 37 30 10 30 24 17 13 10 16 46 26 33 5 45 12 29 26 25 29 5 46 48 39 37 45 28 34 16 45 34 28 49 31 28 
5 38 40 43 30 47 50 43 8 11 9 18 46 29 18 41 37 39 34 28 31 38 24 29 39 34 28 13 31 48 13 6 17 35 33 26 30 11 39 20 39 35 7 27 5 21 36 38 45 15 14 46 15 48 16 13 33 18 33 13 36 48 12 18 22 6 16 40 21 24 36 9 14 21 33 13 22 20 46 14 48 21 10 13 32 38 14 6 6 10 26 35 13 39 7 42 30 21 22 12 
7 43 36 49 50 37 35 11 42 46 44 18 16 41 17 9 9 47 29 23 33 30 38 36 6 39 13 19 12 18 40 11 32 44 39 10 27 39 21 36 38 31 49 28 45 15 33 38 32 10 19 5 35 12 33 42 20 43 30 42 30 22 27 34 25 37 21 10 11 47 14 18 11 37 11 25 22 47 32 10 6 15 13 30 19 12 8 23 27 47 23 48 24 47 33 18 45 17 8 36 
21 46 12 47 42 20 25 8 13 10 27 8 24 44 31 46 24 9 19 34 34 45 50 46 33 6 35 27 47 5 30 33 21 35 41 35 17 26 9 11 11 23 50 17 50 22 35 18 18 5 35 7 18 5 11 9 38 35 8 35 9 9 31 25 27 48 24 6 28 48 30 50 44 25 16 14 9 38 6 48 26 36 30 12 33 37 42 6 12 20 34 5 35 48 49 36 45 22 27 41 
32 33 7 24 46 37 12 34 16 36 49 35 8 49 17 25 15 20 27 32 46 21 7 16 32 10 34 10 6 34 38 46 24 9 50 21 19 49 10 41 35 14 33 42 26 9 36 17 50 7 22 11 17 29 45 31 39 50 20 30 48 46 26 10 8 45 38 49 9 15 16 18 14 5 27 7 22 50 23 46 28 27 44 38 44 23 42 17 16 24 34 37 32 45 33 26 13 6 45 17 
17 30 36 42 31 6 47 40 45 10 48 24 38 42 48 36 12 36 13 12 35 44 20 19 10 16 11 7 18 18 22 22 33 29 13 39 8 7 26 40 26 35 36 34 46 25 44 12 31 23 5 25 44 39 46 20 24 5 41 36 34 30 25 30 26 6 26 6 6 9 7 9 25 14 8 45 33 34 35 42 16 11 36 34 29 20 17 26 11 6 16 6 49 11 19 36 19 49 40 33 
35 27 32 22 27 44 17 18 24 13 15 16 21 6 23 6 36 22 21 25 17 32 7 33 41 48 50 32 37 38 7 33 39 27 10 20 18 11 14 21 37 15 14 23 42 26 49 28 40 26 42 40 10 41 35 13 16 41 21 33 22 25 41 21 15 47 39 7 40 15 9 22 16 9 48 11 13 16 36 24 17 48 6 22 12 46 17 44 33 30 22 10 22 45 16 5 10 5 33 43 
48 25 24 46 32 37 43 8 31 21 13 29 26 32 20 22 24 50 15 6 37 50 12 31 11 49 31 8 48 17 18 34 43 23 12 21 14 5 49 10 7 39 46 43 25 23 48 44 21 22 18 20 5 32 30 44 7 24 24 34 35 44 23 26 44 19 15 19 21 7 40 14 43 35 27 32 16 35 36 46 19 20 45 30 31 20 18 5 22 17 26 28 40 26 12 10 10 14 14 7 
39 46 44 5 48 49 13 43 20 35 36 25 11 35 37 6 23 17 6 39 5 23 30 7 11 47 43 19 7 11 27 50 28 10 36 45 39 23 14 31 6 50 42 42 19 37 21 14 13 43 41 31 18 27 11 6 16 29 28 41 46 14 39 18 13 11 48 20 23 29 15 35 41 11 22 31 12 19 29 29 21 38 43 37 42 8 32 6 19 45 24 40 12 32 42 23 43 16 36 8 
39 22 7 48 22 31 47 35 21 6 14 11 46 17 29 32 33 9 40 13 24 15 29 12 43 48 28 18 47 9 28 12 21 45 38 32 49 48 42 36 21 24 14 26 13 9 31 9 38 29 25 13 11 37 23 47 13 25 45 33 10 42 38 35 16 37 13 45 5 14 37 37 33 44 15 47 46 44 50 21 18 5 17 39 32 29 22 9 16 27 40 35 32 29 38 16 12 20 27 31 
38 18 35 35 42 29 14 43 46 31 46 46 11 17 41 34 47 26 8 38 39 22 42 16 38 28 19 8 34 29 10 27 27 47 6 42 36 47 39 26 16 42 44 39 47 15 44 11 20 48 38 8 50 18 36 9 35 10 35 23 44 41 47 33 15 50 50 30 20 11 24 21 16 14 6 14 36 17 41 46 45 36 50 17 29 41 35 21 40 14 23 26 13 37 26 14 14 37 44 20 
43 40 15 12 20 50 28 14 45 8 35 44 31 43 42 28 11 24 26 30 16 10 27 35 47 20 41 10 42 39 13 42 29 18 40 11 37 13 49 18 48 29 18 35 50 7 23 35 27 47 42 49 43 43 36 10 25 26 38 24 38 19 14 38 48 43 6 7 5 15 22 36 31 30 30 33 47 47 48 21 16 43 13 47 50 7 14 32 22 15 25 48 6 27 11 33 19 41 11 24 
21 16 15 25 23 22 10 40 33 40 50 35 41 27 26 40 25 35 31 23 32 19 22 13 34 20 48 41 43 38 49 7 24 35 50 30 22 15 42 7 20 15 43 42 30 15 45 12 49 8 23 29 50 40 47 31 40 22 33 20 17 47 46 15 9 24 48 19 6 48 33 47 45 20 19 39 23 47 27 15 7 21 21 47 31 50 47 7 28 43 49 12 41 31 23 41 47 31 7 27 
43 47 33 6 37 26 28 5 43 48 41 47 46 8 40 12 48 17 43 29 30 29 16 31 18 48 23 24 48 42 13 39 27 20 46 12 8 30 27 34 26 5 18 39 28 49 29 36 6 18 39 28 43 22 35 25 6 32 39 49 29 17 19 35 49 50 25 21 27 30 31 49 40 37 37 12 23 45 34 21 5 33 37 16 37 43 5 10 14 42 44 13 41 47 5 20 26 33 16 11 
13 5 14 27 46 43 22 46 44 12 22 33 8 40 27 39 11 21 43 31 23 5 42 47 24 36 25 33 28 36 8 18 40 5 36 11 44 37 42 19 22 38 26 49 45 41 31 15 18 33 22 41 25 6 50 35 24 40 5 6 9 14 49 8 5 24 25 18 42 39 40 30 7 47 45 21 44 31 29 8 22 46 27 8 44 18 45 14 49 16 36 38 35 48 15 37 11 39 40 29 
46 42 22 23 12 18 24 35 27 31 50 46 17 17 7 34 15 42 17 22 23 7 37 25 48 39 20 26 39 14 8 29 39 19 48 37 32 29 13 18 32 17 43 44 38 32 28 17 50 17 21 14 44 19 37 40 34 39 29 42 12 18 14 44 38 10 15 41 31 7 37 43 16 7 17 32 22 17 11 48 15 25 49 29 46 18 10 20 22 44 32 7 21 30 42 47 5 25 38 37 
26 13 15 17 42 41 7 30 35 34 44 21 45 37 11 50 14 42 49 25 12 49 49 23 41 50 44 41 36 36 14 43 28 46 50 46 33 20 24 10 37 24 38 39 9 24 39 49 37 17 22 23 6 32 31 26 23 10 16 22 29 9 23 20 48 29 46 24 26 26 10 47 49 25 10 13 19 31 10 7 14 19 20 34 38 42 36 35 47 7 7 27 28 34 27 48 26 43 50 7 
41 46 39 21 28 10 47 42 40 37 11 43 17 21 17 14 14 24 30 20 47 25 6 12 48 15 31 46 26 10 15 50 6 8 11 22 40 15 24 6 33 23 41 43 23 16 40 32 12 49 10 35 45 24 44 27 37 42 36 44 24 7 43 6 20 20 10 9 8 28 28 26 40 12 18 19 19 42 19 32 15 26 40 9 18 15 17 33 48 25 15 16 10 25 43 43 35 24 23 43 
32 29 7 34 13 39 21 5 24 44 9 46 5 48 34 30 49 22 21 41 23 38 34 33 14 41 17 11 13 19 7 8 6 48 15 41 9 27 42 32 34 41 25 39 22 13 46 42 23 21 31 44 40 23 16 26 47 11 28 25 31 21 36 7 13 11 23 27 29 32 36 6 13 37 41 45 41 42 23 34 50 26 32 19 39 17 23 48 40 26 22 47 28 7 33 23 16 22 13 5 
30 36 22 22 8 25 29 6 44 12 49 41 37 27 43 26 36 11 14 30 29 34 43 30 8 47 25 12 10 32 5 33 30 39 30 22 45 48 45 30 18 47 46 25 26 41 7 9 12 48 19 41 38 18 10 12 34 20 32 18 6 39 22 21 33 38 5 25 48 31 12 28 12 9 29 43 41 34 41 8 20 48 45 16 49 45 9 17 49 6 16 38 7 25 21 24 46 29 14 13 
19 19 16 42 47 32 25 19 17 9 12 12 28 46 29 13 29 24 22 18 23 39 19 18 8 25 5 11 30 24 14 6 8 10 25 46 22 24 44 25 8 12 19 18 7 33 44 10 33 34 44 16 18 12 11 33 22 6 6 7 9 5 43 42 5 50 32 13 49 27 41 19 32 41 27 45 17 36 22 8 40 42 7 43 16 36 6 34 32 37 7 25 24 28 6 27 22 31 30 10 
25 5 36 9 26 40 44 9 25 27 24 23 38 47 7 30 7 10 35 20 23 38 45 18 8 48 25 39 30 50 43 15 37 32 46 40 6 37 11 14 9 26 23 34 34 47 23 49 26 37 50 29 30 31 34 31 20 6 18 28 41 17 26 24 22 31 35 6 24 18 31 11 30 32 5 30 26 30 43 10 7 22 6 23 21 45 48 40 29 44 36 28 23 35 8 50 10 36 31 35 
23 44 35 14 29 10 48 48 47 46 49 38 16 28 10 11 7 40 41 48 16 40 47 13 26 32 17 25 27 37 13 20 5 22 31 8 40 22 34 6 8 28 39 30 20 31 11 30 36 13 14 18 45 30 37 38 15 29 48 15 17 16 25 5 29 32 9 25 26 47 48 6 11 45 37 13 19 22 16 47 5 50 40 44 50 37 7 19 35 41 28 22 31 42 17 35 18 39 17 12 
40 19 45 14 46 39 29 41 48 25 41 48 14 30 23 37 47 17 12 30 20 49 30 45 49 30 37 47 33 39 20 9 30 10 24 30 31 42 10 50 24 21 13 8 42 23 45 47 30 21 11 32 33 49 34 6 13 41 28 22 14 19 42 45 18 38 25 44 35 40 18 18 23 28 25 15 29 26 21 22 17 8 36 31 11 42 34 18 5 41 10 29 26 32 47 44 50 31 41 32 
25 20 6 25 27 25 23 31 46 39 33 19 30 34 31 49 39 33 36 37 17 28 49 7 49 36 9 19 14 36 44 22 18 9 34 5 11 43 50 25 47 49 29 19 11 33 15 40 33 16 19 18 39 27 23 49 16 48 15 25 22 20 15 25 50 12 9 28 31 27 24 37 28 33 14 6 48 20 7 13 50 12 5 37 20 31 15 35 47 47 22 20 21 23 18 35 19 50 34 24 
27 34 12 41 33 10 25 24 30 47 39 22 11 44 8 38 50 50 48 44 21 34 39 23 28 19 27 38 18 16 24 49 22 21 29 35 30 23 14 50 42 34 19 36 48 44 24 48 31 26 9 34 27 37 7 28 41 11 14 41 22 48 42 50 21 21 46 12 12 36 50 16 48 12 23 25 39 22 27 10 36 47 17 36 24 5 39 37 23 33 35 30 40 34 36 31 44 18 34 17 
49 12 18 13 31 22 50 5 39 47 14 26 43 23 6 48 44 47 40 39 8 23 29 42 13 27 18 23 44 22 43 36 28 39 19 34 27 45 29 8 39 22 24 40 33 22 21 45 14 48 18 36 6 13 35 24 49 13 32 23 33 8 12 27 10 40 33 19 15 17 39 47 25 9 7 13 14 31 8 34 12 33 34 26 35 22 9 39 43 12 43 27 19 6 36 50 14 25 15 28 
27 47 19 6 44 29 22 41 24 24 41 45 44 18 25 44 46 36 7 7 12 43 34 48 11 36 9 49 39 20 14 6 12 36 18 44 15 38 37 10 26 39 34 8 18 30 23 46 46 24 10 21 29 41 29 32 43 33 10 19 9 20 31 50 32 46 17 37 42 7 10 20 42 45 37 36 35 29 19 13 46 5 27 30 5 29 15 31 9 13 13 40 17 6 29 31 6 14 21 28 
7 24 24 38 5 46 8 48 19 44 16 23 8 39 10 25 13 44 7 27 30 48 9 26 28 44 18 35 37 19 31 12 48 6 48 19 41 25 15 18 24 43 41 50 15 28 38 19 42 41 45 46 16 6 48 11 33 24 25 12 39 18 14 45 21 29 7 41 33 49 12 5 11 30 25 43 30 44 38 45 28 37 47 36 44 21 18 19 21 8 35 41 19 29 11 40 31 23 41 45 
31 50 25 9 40 31 5 50 28 46 31 14 19 15 25 15 48 26 21 12 45 50 42 28 41 38 6 35 40 30 45 8 13 7 47 49 7 36 31 15 50 22 6 48 42 47 12 44 23 50 42 6 11 12 40 30 35 35 11 41 35 45 28 21 16 49 40 39 35 38 31 45 37 24 47 14 32 16 31 18 36 11 41 13 35 8 27 28 11 21 7 50 17 50 23 27 12 25 15 22 
14 18 38 20 41 33 41 23 45 13 48 27 38 38 32 5 21 7 32 35 18 38 39 8 41 32 21 49 8 16 38 8 25 44 47 14 30 48 45 41 39 30 18 20 37 38 32 47 45 13 14 20 8 46 11 29 29 22 29 21 15 31 26 28 18 17 42 19 9 34 14 47 42 39 10 9 49 48 48 16 27 28 10 42 7 37 43 33 31 26 35 27 21 30 7 30 45 10 33 44 
34 41 38 15 45 27 46 22 34 28 13 6 25 43 44 18 41 35 48 7 33 27 18 42 20 13 44 22 41 38 19 31 31 7 29 21 42 49 41 11 10 21 20 48 39 19 44 38 10 35 9 34 25 31 12 11 26 11 23 29 6 12 16 45 27 50 41 28 28 39 48 40 23 42 38 31 5 6 42 49 32 29 17 26 10 28 29 20 36 39 47 27 13 34 34 25 40 42 36 28 
33 22 10 48 22 48 43 36 41 46 17 9 28 23 50 37 36 40 37 10 21 21 48 39 42 50 17 18 34 37 38 45 10 33 29 24 25 44 45 49 25 5 30 40 32 14 26 30 22 6 17 36 34 39 27 48 21 14 9 22 12 16 18 33 29 30 20 18 22 21 37 12 30 41 31 34 5 17 19 48 40 9 13 40 17 24 35 48 38 36 25 14 44 19 23 16 49 27 37 14 
7 37 8 32 45 28 16 47 44 9 42 44 48 27 11 46 36 14 12 32 21 6 22 15 48 12 24 22 20 40 9 27 25 43 13 46 45 29 27 32 38 50 9 37 15 44 20 37 11 38 36 10 33 10 6 21 18 19 5 20 14 30 44 43 49 31 23 50 44 21 34 11 34 37 26 48 19 21 21 25 32 26 40 11 21 25 22 25 41 17 39 20 27 20 24 41 30 18 6 13 
15 25 46 30 42 42 21 10 39 29 30 25 5 30 38 27 45 5 17 37 48 36 39 24 44 23 22 27 28 30 30 14 44 14 14 16 45 34 17 8 27 5 46 5 28 50 50 19 34 21 32 45 31 24 10 48 19 39 41 31 27 31 30 38 29 23 27 17 39 41 24 23 7 19 30 37 23 23 29 50 19 25 39 10 33 10 23 37 24 43 42 36 44 5 12 36 8 24 31 44 
27 28 43 31 35 26 8 7 49 26 32 31 45 15 46 11 23 6 31 5 46 13 45 8 17 45 10 15 5 49 35 36 22 40 39 37 15 34 49 13 13 29 10 15 40 30 5 12 20 20 38 32 27 14 32 46 14 40 10 17 28 27 14 43 29 35 39 23 35 40 6 44 36 42 35 34 33 19 34 28 17 8 47 36 14 22 9 41 27 49 23 11 37 22 27 17 12 49 5 46 
6 20 29 38 22 26 32 37 30 10 9 17 35 23 30 34 23 14 26 23 32 44 50 35 30 39 16 44 24 20 9 21 26 23 6 46 41 28 10 14 44 19 19 25 10 28 45 41 17 43 45 44 21 11 24 20 33 27 49 27 31 29 10 26 19 20 21 38 29 19 26 24 19 14 21 31 14 42 28 15 6 35 42 46 22 17 7 45 42 17 13 22 17 23 31 8 22 9 28 5 
44 45 43 48 21 30 23 42 16 25 20 7 47 27 31 21 24 27 42 14 26 7 45 16 21 12 49 12 46 8 8 18 44 50 27 7 28 8 11 17 12 37 43 19 44 20 27 11 48 11 9 33 43 48 30 24 42 20 16 49 25 30 45 28 33 47 34 47 21 30 29 10 22 50 28 11 30 40 46 45 6 37 7 45 41 40 35 15 28 5 49 26 6 38 10 37 43 32 10 18 
30 25 18 12 16 14 19 11 10 7 39 8 24 11 25 10 30 28 28 49 15 26 42 49 6 39 14 19 19 6 50 38 16 9 15 23 29 24 42 27 40 48 39 41 25 50 13 12 45 5 10 22 49 48 17 8 31 21 20 35 49 7 37 23 37 17 13 21 20 16 32 33 7 34 46 33 19 50 8 6 9 33 35 32 31 34 5 28 20 46 46 49 33 8 29 41 22 36 30 43 
28 25 34 34 11 12 32 12 8 28 39 39 14 24 39 19 34 27 41 24 35 42 21 13 5 34 45 9 12 10 25 31 29 28 28 10 26 48 43 13 43 44 12 8 25 34 38 50 32 29 8 40 48 42 20 47 11 33 32 8 35 45 10 18 36 10 25 38 18 16 13 29 8 33 12 16 39 17 6 18 34 23 28 17 34 17 35 7 18 41 45 49 6 6 32 8 9 16 22 39 
25 12 33 39 20 33 32 46 43 12 39 14 30 26 9 28 25 15 49 32 48 40 28 27 43 15 50 7 10 38 39 7 20 32 38 45 31 19 29 33 18 21 22 42 27 7 40 23 49 45 14 45 16 36 14 6 14 13 6 34 33 38 7 30 6 9 37 24 45 42 36 35 45 25 30 8 33 30 44 26 49 49 45 10 22 17 37 24 50 20 36 24 24 33 49 15 30 23 6 15 
14 35 29 30 30 24 22 48 46 37 6 43 19 17 11 23 10 14 43 24 39 50 20 50 28 14 21 23 20 41 18 9 22 22 39 36 33 30 19 13 10 33 32 21 17 28 36 20 8 34 8 44 37 15 39 32 28 38 44 49 38 24 27 7 40 32 20 17 8 13 37 30 10 35 30 41 14 31 32 40 11 17 14 30 36 27 42 43 36 48 48 22 26 42 20 36 48 45 7 31 
27 47 36 34 17 22 13 49 41 40 19 31 34 42 48 31 42 12 31 21 27 36 27 14 13 16 31 37 50 21 36 6 34 46 17 45 32 38 49 42 22 20 41 36 45 17 32 39 46 36 50 48 45 10 13 46 16 22 48 31 28 15 10 27 45 50 21 9 40 17 46 49 12 30 14 37 19 22 49 37 27 46 10 47 16 31 47 19 46 28 38 6 40 42 20 25 23 19 34 40 
38 28 16 39 9 28 38 46 36 15 46 18 6 36 12 37 6 24 8 20 34 36 33 16 47 36 22 35 33 16 37 11 46 24 19 34 21 17 21 13 11 38 24 12 36 31 7 18 13 22 35 12 6 13 23 8 8 36 41 49 9 21 33 28 13 28 28 34 16 41 24 36 33 32 43 20 10 50 9 36 34 16 48 34 25 32 34 25 49 33 47 45 30 19 43 47 11 37 12 39 
28 47 35 29 42 26 44 40 33 42 5 42 46 7 17 44 26 7 12 35 29 28 19 32 31 6 16 37 9 35 42 24 40 25 15 44 13 43 24 11 23 43 9 46 30 27 31 43 5 14 18 35 42 29 48 6 37 6 11 31 25 17 26 32 10 14 36 28 26 17 32 40 13 23 7 45 42 44 46 25 30 18 45 37 14 7 13 18 16 31 5 24 11 17 22 25 16 26 44 13 
50 47 13 23 5 16 21 10 12 16 26 38 20 34 18 39 36 5 28 18 27 45 45 41 45 26 29 21 39 16 5 14 27 23 21 48 40 15 49 49 11 42 11 30 35 25 32 25 9 9 46 19 15 6 26 7 19 16 35 16 42 39 19 12 7 26 35 35 5 45 35 40 8 37 12 31 9 32 43 30 48 22 38 16 50 16 20 35 24 22 14 13 33 42 32 42 42 31 18 45 
48 12 39 34 7 29 17 21 8 20 26 30 13 41 16 44 49 35 16 18 22 36 32 47 45 9 38 41 35 11 50 40 23 6 6 49 11 49 25 47 26 27 36 38 15 32 38 48 16 30 46 23 5 6 18 37 20 27 19 17 17 33 11 34 49 32 48 22 47 12 44 31 12 24 44 31 31 46 21 17 21 16 33 18 6 47 47 7 50 5 50 50 7 42 38 24 37 35 9 19 
44 11 33 23 34 23 17 7 12 23 27 45 29 17 25 15 11 46 27 37 35 9 39 9 15 45 40 23 8 48 46 33 28 6 49 6 5 43 44 5 10 25 12 13 50 5 50 9 13 24 38 33 22 5 12 27 17 43 24 34 16 18 13 46 47 9 50 32 38 32 13 19 5 20 37 9 47 48 41 33 35 19 24 28 44 50 31 22 13 50 34 15 22 33 31 39 27 42 15 48 
41 27 42 31 42 8 30 6 27 21 23 45 38 20 39 6 32 20 42 50 47 6 46 33 32 20 21 18 21 10 7 11 12 37 39 45 42 36 28 42 25 8 40 12 39 22 12 12 19 15 17 21 12 36 50 30 36 26 30 31 29 9 28 36 49 20 41 48 45 20 5 37 11 14 30 42 9 5 25 17 25 28 28 9 31 15 43 13 32 34 50 27 13 11 22 13 31 9 31 41 
5 48 30 50 45 18 15 41 28 34 17 26 49 26 8 40 49 45 33 6 20 17 12 22 47 42 30 48 16 12 43 48 37 46 29 34 28 35 8 23 12 11 46 45 6 18 19 34 11 29 18 47 45 45 50 49 15 10 26 26 40 38 24 8 35 49 11 24 20 34 45 14 17 49 40 35 14 47 11 14 19 32 18 35 17 42 19 25 49 36 40 41 22 48 20 36 30 14 32 21 
18 50 27 25 38 46 42 26 14 49 8 29 33 19 18 20 18 45 7 21 41 49 45 30 38 5 26 13 27 45 48 11 23 25 23 45 37 21 17 9 20 7 28 9 27 38 50 42 39 26 14 6 21 43 47 25 24 7 21 49 27 48 41 38 20 16 29 24 18 49 33 13 22 12 42 40 13 49 20 31 32 9 40 41 33 35 27 13 15 20 23 7 49 38 44 12 45 43 20 26 
9 47 16 24 29 19 50 12 41 48 27 36 14 27 31 31 35 42 30 42 27 42 20 25 40 20 33 48 19 17 44 47 30 31 37 24 8 42 38 7 14 49 27 20 47 24 10 6 32 42 33 43 38 29 9 45 27 44 44 35 24 34 35 33 48 35 30 15 39 13 32 32 34 7 24 42 5 32 48 35 47 31 27 36 36 21 47 25 11 10 24 24 23 32 16 10 36 38 15 11 
15 7 49 42 26 12 21 9 13 29 23 16 14 22 25 11 18 9 25 48 17 25 39 46 44 34 44 13 9 8 20 20 40 18 22 38 15 12 42 40 34 35 29 42 33 50 34 21 45 14 34 20 42 39 11 50 43 26 44 16 42 7 22 37 49 26 14 6 37 33 20 47 32 12 47 18 12 24 7 33 36 38 50 16 26 7 43 32 39 8 40 38 37 49 8 50 30 18 45 5 
15 39 17 29 28 34 43 38 11 22 21 44 15 26 44 39 47 46 15 45 49 27 20 28 45 15 46 35 13 35 9 19 49 21 22 9 8 7 14 48 33 29 36 39 35 21 35 42 26 42 47 39 6 18 47 40 47 43 34 27 32 22 39 14 42 39 43 28 10 37 41 49 38 24 20 48 39 16 9 12 39 41 36 14 26 12 17 6 23 23 15 46 11 34 40 6 19 10 30 41 
44 45 20 28 7 44 11 35 32 18 45 46 6 48 45 29 15 13 33 27 7 46 46 42 39 27 7 31 6 33 43 13 33 23 26 12 7 10 35 34 28 10 9 32 8 44 33 41 47 37 38 21 14 25 6 7 33 13 40 21 42 26 41 14 5 31 38 14 14 32 40 33 18 47 34 40 13 50 13 50 28 43 11 11 31 13 20 9 13 10 40 29 42 15 42 35 7 10 40 35 
19 13 10 18 35 47 5 42 47 16 10 16 39 6 45 7 46 22 21 46 31 21 18 35 11 13 39 45 37 15 37 27 11 21 40 26 20 28 18 34 32 5 34 49 15 10 31 8 46 14 44 29 7 37 18 43 35 43 11 40 43 24 16 20 38 13 47 14 10 23 31 27 29 12 22 38 33 6 37 41 5 10 20 12 10 38 28 41 12 16 9 42 27 7 35 21 29 42 22 16 
33 48 29 23 18 37 34 16 45 20 23 42 5 31 11 19 50 37 41 6 5 10 43 26 22 20 8 30 41 13 32 25 24 30 42 37 35 45 8 5 47 32 48 37 12 44 33 28 8 45 40 44 26 15 5 41 23 49 38 46 25 44 20 34 49 20 34 11 14 8 30 37 9 50 50 19 19 23 20 39 40 44 41 15 7 20 20 43 43 14 33 33 9 49 8 21 12 8 38 23 
49 10 12 44 36 27 22 24 30 48 7 43 45 19 42 20 15 22 47 18 16 28 39 27 42 20 8 39 45 16 25 50 5 13 9 38 24 27 29 40 17 34 44 43 19 29 45 31 5 49 12 44 44 48 10 37 16 15 27 43 5 43 11 25 19 9 44 27 42 35 38 46 26 5 14 42 9 40 42 48 30 46 34 23 14 47 26 14 37 26 46 18 48 14 44 24 15 37 44 24 
10 36 27 6 48 8 30 5 23 34 28 20 35 38 45 34 18 15 26 15 29 9 11 30 28 44 22 20 32 18 11 45 29 23 20 26 18 17 50 16 11 40 43 19 16 28 26 37 9 42 40 28 42 8 18 8 21 49 38 8 49 47 37 32 47 30 8 31 26 37 37 18 5 31 20 29 17 39 24 13 28 42 44 11 42 7 42 50 24 14 31 46 25 24 17 5 47 38 38 45 
25 7 48 8 21 30 40 35 24 48 33 19 39 28 48 30 40 12 19 42 47 26 29 22 43 15 5 40 27 5 44 5 20 48 26 16 22 33 28 39 24 16 43 45 19 18 35 5 38 22 11 11 41 36 24 48 12 33 25 39 5 41 6 46 49 50 35 22 12 20 32 23 50 32 39 27 26 48 26 20 28 22 19 28 42 17 27 41 7 8 20 40 30 40 6 26 12 50 28 16 
13 6 47 40 12 35 29 9 12 24 10 22 46 9 9 7 33 43 45 49 37 6 7 35 15 21 18 48 26 47 13 47 32 16 16 50 18 15 50 35 11 44 32 49 42 8 34 25 48 29 43 12 18 43 35 24 18 18 14 9 49 12 22 43 33 18 42 43 19 21 17 7 20 9 24 11 46 32 25 8 49 24 14 9 13 38 17 29 46 44 46 20 43 45 28 7 15 7 49 45 
16 15 13 47 24 16 46 34 31 13 5 43 5 13 10 6 34 6 43 24 22 12 16 50 5 21 30 15 7 49 25 29 48 23 30 48 24 17 34 24 8 37 41 38 50 37 42 41 31 42 22 37 7 24 28 38 13 49 39 50 42 38 47 6 21 33 28 5 21 14 5 48 41 11 11 11 37 26 48 17 50 16 6 18 46 25 16 45 6 45 45 27 38 50 19 7 18 37 31 40 
26 25 35 26 16 15 38 23 9 45 19 28 40 8 13 26 10 13 21 24 50 43 14 25 6 20 18 21 40 29 21 45 46 50 38 46 23 50 30 5 41 42 12 17 13 14 45 46 36 24 49 27 19 23 10 46 41 20 21 5 49 25 36 41 18 50 15 8 45 48 9 36 45 31 21 14 5 28 24 8 13 18 22 40 32 46 23 14 33 14 14 13 25 40 33 14 20 50 33 41 
34 45 5 43 29 20 20 24 50 12 39 20 15 41 16 50 33 37 38 17 25 50 26 41 11 21 18 31 48 21 31 6 42 36 14 34 10 12 12 28 11 23 7 38 6 8 11 34 42 12 48 9 43 32 19 11 14 8 13 18 22 5 38 18 12 15 30 48 32 50 45 49 48 11 7 42 9 14 32 42 36 5 9 14 50 23 31 18 6 12 7 25 12 38 41 35 9 7 23 24 
21 38 16 13 37 38 5 27 29 41 34 5 26 6 43 12 43 46 30 29 6 46 23 7 48 27 12 7 5 45 11 9 47 8 15 47 9 40 20 39 17 18 8 37 49 15 6 30 13 33 15 29 6 18 34 31 26 25 8 28 26 16 28 9 35 9 7 21 36 36 28 45 28 10 23 10 9 33 38 35 50 42 16 11 13 39 14 41 42 27 25 18 13 47 46 19 27 28 44 38 
12 30 5 9 25 13 34 18 49 16 19 26 18 33 17 18 23 6 5 7 5 22 19 35 34 25 37 43 34 46 16 11 31 35 44 34 30 43 29 39 27 13 36 40 27 27 26 46 38 49 39 17 11 24 5 10 45 13 46 8 44 35 18 31 39 41 44 33 25 48 48 16 26 50 35 49 29 14 18 16 6 18 6 45 7 38 8 16 34 14 26 11 10 14 8 33 50 49 37 16 
10 5 34 6 24 19 38 29 25 38 15 6 10 5 7 37 42 29 29 19 20 40 16 45 24 34 38 33 16 31 6 35 13 12 12 49 26 12 10 42 11 21 38 34 19 14 30 46 20 49 16 40 8 38 25 36 30 7 48 8 10 46 17 37 36 39 17 19 19 22 24 22 44 14 7 29 8 17 40 15 14 34 47 44 8 46 9 34 39 10 29 17 22 46 25 18 43 45 44 17 
