127 397 202 105 396 472 214 106 54 165 260 363 210 441 97 388 351 46 100 377 313 73 317 245 204 458 421 431 292 200 183 175 419 109 436 297 127 407 147 307 254 378 178 66 380 302 494 423 348 141 111 77 129 309 107 468 130 294 416 226 443 251 134 37 339 405 211 374 406 280 387 353 219 181 249 138 492 342 448 66 230 464 57 496 440 52 278 86 79 467 74 498 72 317 239 371 476 7 355 359 
137 416 220 365 188 146 268 84 225 155 275 409 68 140 267 385 383 383 390 314 470 137 368 165 14 394 397 59 80 330 49 226 131 165 186 183 427 209 459 214 167 492 375 323 472 313 199 141 16 29 223 383 254 428 147 162 415 62 89 427 230 138 166 223 428 80 195 205 334 351 299 426 469 67 34 112 473 385 144 442 478 65 436 408 475 93 496 392 116 416 419 169 305 487 419 162 100 21 325 109 
421 116 469 358 157 128 19 494 201 284 301 368 34 89 261 90 56 202 305 58 62 444 28 124 313 442 125 332 231 426 142 17 67 293 248 38 177 459 76 256 94 249 406 477 433 142 449 290 404 282 153 399 396 144 369 270 379 329 450 390 285 276 344 195 100 115 395 119 27 373 447 370 167 367 40 77 473 105 353 65 107 324 148 286 87 112 158 383 272 172 263 134 453 202 162 141 344 50 375 121 
436 134 102 355 110 308 204 284 465 359 219 401 477 296 125 157 487 9 135 434 34 227 67 324 299 193 199 240 264 458 294 458 465 496 382 332 152 98 409 406 344 135 466 243 427 383 320 458 325 343 17 139 400 219 482 97 260 234 113 491 226 112 157 82 93 262 289 128 431 120 69 282 183 31 224 462 356 500 269 473 152 138 491 257 233 499 112 70 10 405 257 419 41 38 492 93 219 438 203 269 
467 322 323 162 92 322 214 137 228 118 156 202 196 261 53 419 47 479 470 97 139 77 288 451 423 417 255 225 278 128 9 303 90 90 148 312 262 186 193 27 188 66 58 120 74 115 305 334 107 444 226 114 488 32 386 348 359 275 89 291 223 339 465 279 18 354 202 364 307 40 321 146 136 189 96 454 168 208 398 389 458 133 313 406 109 18 251 477 120 115 450 435 20 310 215 454 144 25 491 363 
112 114 268 492 400 246 330 402 217 341 67 463 370 313 220 125 140 431 146 458 435 150 443 256 471 313 480 146 332 68 446 92 294 258 374 277 69 50 50 112 436 296 259 371 130 311 84 483 269 324 192 216 237 120 304 285 365 246 15 114 382 474 149 22 75 468 378 191 374 133 31 172 59 27 349 145 248 142 9 96 236 496 329 214 416 306 238 176 7 105 226 143 254 36 400 320 462 164 161 161 
144 138 141 149 407 243 471 270 391 121 385 137 344 53 380 60 485 499 305 301 463 124 89 486 15 289 239 13 69 80 90 180 284 81 468 411 276 278 91 479 369 66 156 479 369 164 407 128 239 312 334 17 385 174 302 338 86 87 468 159 328 445 340 327 20 126 404 243 80 395 94 43 242 189 487 279 263 124 84 173 237 489 338 44 276 326 202 74 312 320 71 434 43 213 20 398 47 182 169 437 
197 171 391 14 144 339 148 397 92 286 17 61 217 180 189 305 398 79 335 181 86 266 329 414 26 330 466 319 284 247 339 404 120 64 433 248 83 24 266 498 274 492 494 113 96 453 499 321 415 209 415 379 325 368 245 86 81 413 150 261 49 178 353 382 427 139 133 314 265 14 184 211 250 71 42 186 117 204 30 327 173 491 312 116 233 484 226 32 423 215 229 81 75 452 412 275 484 395 255 491 
337 218 68 197 411 310 265 170 465 254 238 109 250 13 56 288 190 269 186 310 334 250 242 54 132 463 72 174 285 41 68 92 114 254 338 178 120 436 260 308 352 370 213 233 359 79 42 476 134 279 197 64 345 128 387 183 206 372 218 109 342 292 406 99 299 56 285 428 7 167 407 313 347 117 497 323 273 40 92 226 50 95 77 173 486 219 77 305 420 174 419 321 139 204 185 278 104 314 484 177 
171 25 119 459 166 177 12 398 467 199 283 62 473 245 93 172 472 120 37 133 423 257 83 223 401 479 133 154 21 37 290 357 125 253 8 119 25 437 174 150 493 299 307 335 410 139 417 405 143 497 240 268 375 134 448 74 279 231 34 181 181 119 459 366 462 332 291 252 280 151 146 79 149 135 85 460 431 191 258 61 465 369 275 299 63 431 6 17 165 353 313 243 461 287 99 382 55 313 258 340 
69 487 34 365 171 71 479 424 108 408 222 299 221 464 401 125 51 142 171 141 249 199 470 28 47 266 255 101 347 320 180 429 437 72 156 489 14 220 134 249 349 475 451 275 68 387 23 466 466 62 376 70 58 389 160 396 204 197 99 174 46 363 456 67 477 72 72 188 14 460 449 375 448 220 151 108 62 432 159 334 186 229 425 261 430 365 55 236 221 108 60 435 84 343 450 385 218 288 437 248 
493 66 364 474 303 124 284 120 92 34 186 194 435 460 270 94 267 171 329 5 359 71 48 82 85 308 352 337 258 332 66 47 395 283 277 234 105 65 170 314 338 497 489 316 412 493 456 294 214 305 352 26 412 232 446 357 299 488 300 456 119 172 271 92 439 204 315 324 249 40 41 12 79 318 208 341 203 419 7 230 460 308 267 226 389 465 60 11 393 381 237 124 278 152 418 291 299 430 492 88 
195 232 493 297 265 293 311 73 120 488 46 382 360 321 398 371 265 376 366 266 340 486 398 465 301 202 214 441 137 406 319 151 136 415 266 360 374 38 444 131 482 394 35 215 68 358 35 477 68 119 153 491 213 227 338 397 292 70 242 397 89 243 492 11 43 396 229 236 464 74 86 256 217 419 221 171 275 399 444 301 312 371 295 383 361 402 436 217 77 156 499 443 440 471 263 352 33 391 72 330 
30 166 8 365 21 115 180 11 219 190 388 374 292 389 13 304 93 183 155 6 416 247 165 175 134 277 329 49 297 204 296 40 149 196 431 208 16 346 256 55 136 127 168 58 240 114 104 347 76 198 115 171 337 454 298 244 285 299 433 59 313 294 38 491 238 490 228 272 173 92 443 451 15 483 85 7 314 284 114 152 26 372 63 160 62 230 100 25 194 485 113 21 292 336 291 409 87 160 225 433 
89 324 233 118 9 278 15 447 274 70 77 361 342 261 88 164 316 413 152 263 195 144 36 24 388 236 117 119 409 299 119 61 296 298 65 494 129 159 359 167 133 474 200 429 76 99 15 440 203 26 13 492 338 50 491 452 244 134 32 213 293 461 202 311 422 260 130 423 32 324 125 91 418 149 214 293 307 423 176 66 377 342 452 482 191 276 163 243 223 337 397 483 154 432 142 380 344 146 163 124 
329 305 346 212 186 34 229 446 234 223 330 372 217 472 37 458 109 363 198 233 137 190 286 140 68 208 479 47 228 84 98 37 171 159 122 429 47 35 104 237 44 327 79 163 304 48 353 486 380 320 135 483 210 105 415 234 116 199 187 128 90 453 21 200 186 206 206 364 57 140 81 224 449 49 227 424 185 208 319 98 317 295 472 321 60 305 70 53 493 122 443 29 393 494 254 19 5 163 383 62 
193 360 429 258 307 178 280 412 285 235 395 56 353 278 318 275 272 89 215 402 53 366 379 171 178 394 423 470 483 54 328 196 281 155 189 428 300 146 367 318 175 44 402 300 97 45 414 96 378 430 340 431 475 100 207 49 462 380 132 379 235 257 255 400 434 115 460 147 392 384 257 406 174 100 427 402 110 404 450 201 225 51 253 362 178 375 172 359 167 275 453 369 229 417 456 422 219 283 404 89 
209 429 116 131 104 193 84 49 197 402 379 46 161 158 227 24 121 384 273 182 109 489 420 38 287 479 116 340 90 304 124 126 146 313 176 138 238 152 493 26 139 459 191 31 287 411 473 67 127 115 11 369 312 127 393 433 191 320 270 180 65 392 44 236 39 74 138 356 482 335 216 255 83 137 399 235 191 461 400 224 25 198 167 31 100 165 415 302 379 114 208 344 414 229 101 193 72 169 436 292 
477 396 482 217 50 385 29 28 66 212 291 392 350 479 135 307 280 428 222 256 141 167 366 133 267 24 25 420 172 47 364 13 105 20 119 322 315 54 76 194 27 415 326 251 59 464 474 85 113 401 433 9 329 108 8 259 167 84 365 389 198 394 226 137 98 353 236 473 66 215 135 472 428 111 390 218 378 191 337 382 278 78 263 28 496 103 400 24 23 294 69 348 150 97 361 249 376 300 185 12 
78 344 476 206 62 136 270 70 345 261 308 105 237 473 364 49 9 169 193 481 169 10 211 98 286 63 78 336 392 90 214 247 330 141 223 300 449 47 189 332 254 272 407 360 221 152 399 83 191 219 65 369 308 139 410 278 385 73 356 87 288 363 451 202 36 428 358 19 84 245 238 54 93 55 207 273 171 195 56 21 334 197 470 202 129 413 238 268 394 308 10 425 447 97 80 60 350 440 284 34 
70 181 307 126 405 322 212 36 391 163 240 242 357 459 229 303 180 258 312 235 88 297 183 35 79 350 217 117 118 67 355 373 453 372 299 251 304 389 494 42 122 49 264 98 147 253 140 482 261 51 33 63 174 194 303 21 227 332 33 41 424 370 228 237 326 16 136 94 484 328 203 356 347 203 286 435 257 295 485 299 94 365 135 158 266 314 157 130 358 62 412 293 209 281 274 372 439 346 79 132 
110 481 204 359 338 29 120 435 377 402 29 136 461 60 120 486 225 396 245 292 283 389 132 388 475 67 103 57 408 26 294 496 470 466 253 45 395 200 233 223 380 114 470 177 151 475 221 36 411 361 85 242 490 232 283 275 239 234 466 364 379 259 85 371 476 288 465 130 396 134 228 250 190 333 479 415 14 225 388 472 484 374 183 299 366 55 176 7 160 476 113 107 291 52 100 219 408 321 123 328 
106 90 293 110 321 346 181 44 355 234 307 325 173 162 80 406 442 321 313 346 189 370 22 454 176 41 78 156 431 414 9 478 448 481 10 70 126 487 287 55 255 263 106 195 16 47 26 311 150 67 225 17 350 356 433 458 431 11 476 428 319 88 152 478 346 167 107 141 37 89 64 83 346 138 466 499 213 313 132 184 32 433 450 63 253 347 330 499 97 378 484 384 397 451 321 96 207 341 385 279 
458 452 459 379 457 240 91 423 383 257 43 354 86 140 363 443 88 81 249 188 77 87 373 239 178 27 466 347 205 285 410 478 79 278 166 44 99 256 202 457 235 110 341 330 485 300 80 25 469 63 248 481 187 302 455 134 84 347 332 431 493 492 233 164 298 485 400 66 240 418 404 462 480 480 422 188 118 368 184 156 98 125 155 331 258 80 44 77 341 320 54 45 266 343 442 320 180 356 282 94 
395 204 117 81 125 101 302 377 344 263 127 168 264 438 18 388 149 495 302 290 255 251 222 237 356 345 96 48 399 116 472 265 290 70 97 196 488 203 330 283 457 472 273 440 224 340 468 451 33 173 55 243 392 437 124 247 415 482 435 404 140 236 472 31 98 269 467 427 125 254 110 463 112 321 349 62 480 146 419 494 309 261 93 126 359 281 28 393 371 376 476 59 114 312 368 238 231 167 482 173 
263 227 291 422 306 213 74 400 124 58 197 236 72 40 255 71 321 317 401 272 32 64 464 24 463 442 383 350 78 126 320 383 299 200 239 191 36 101 243 343 17 285 51 201 184 29 310 140 319 306 66 187 79 260 197 121 308 51 477 63 212 442 496 24 137 386 347 373 410 347 291 43 319 378 271 41 95 141 351 239 220 320 44 424 419 142 368 420 227 197 498 340 374 167 134 437 498 381 372 9 
289 206 342 6 316 395 62 212 230 129 238 56 260 73 154 436 411 331 297 285 167 161 405 172 310 311 68 189 443 358 55 177 200 336 400 477 394 176 391 178 131 107 57 414 436 382 202 240 90 232 288 480 182 325 462 248 330 312 157 128 92 246 492 208 192 104 471 166 479 388 285 7 197 246 221 251 174 426 281 140 452 487 204 413 293 249 225 295 314 112 389 23 41 65 124 281 392 78 279 162 
60 95 382 210 140 404 33 135 102 380 347 202 484 242 326 422 402 387 272 405 285 123 19 183 475 452 258 136 490 306 96 123 281 344 177 250 378 118 61 18 92 317 370 265 434 464 217 251 125 377 192 91 413 295 87 258 259 162 60 321 387 271 129 58 282 39 311 168 44 134 420 61 128 419 374 329 182 63 242 81 422 474 466 398 185 232 146 109 108 18 414 255 355 437 236 241 112 296 441 221 
446 456 178 404 100 267 330 234 188 362 421 349 448 197 13 138 325 375 207 376 330 132 133 197 25 263 376 240 14 121 460 322 290 493 106 181 265 189 144 326 461 238 20 295 334 498 38 28 64 204 454 388 332 481 137 117 50 76 341 252 194 485 85 310 109 135 393 160 443 173 371 185 371 380 475 373 53 95 469 278 60 359 258 46 421 213 462 196 316 39 201 336 68 432 100 29 495 456 452 468 
205 70 117 256 422 226 302 441 19 470 409 360 137 350 93 346 309 96 455 107 448 42 342 301 87 341 19 393 236 480 180 292 301 364 125 277 12 417 322 476 126 327 383 175 57 185 70 38 258 101 11 281 327 243 251 347 118 36 333 481 105 456 300 246 49 293 182 495 169 338 453 393 443 430 108 135 404 193 480 335 277 448 353 438 419 399 343 272 151 382 290 343 48 365 174 17 340 482 200 447 
79 389 399 245 149 413 227 211 62 22 17 331 235 20 301 59 95 381 309 290 495 361 111 420 276 93 393 480 67 85 453 381 100 446 89 53 374 321 203 489 323 174 498 342 434 371 60 448 491 175 39 305 12 107 65 371 403 375 11 463 437 116 35 479 192 68 180 126 110 332 94 406 99 480 123 22 498 309 34 303 189 80 426 390 265 127 452 61 386 374 467 363 152 462 398 222 205 13 290 403 
271 335 388 104 370 219 68 354 411 278 427 355 292 301 286 222 463 308 218 74 166 462 470 194 116 10 19 149 197 470 8 367 157 456 194 421 121 68 231 291 63 110 466 303 460 440 231 126 15 298 327 6 411 493 68 237 340 361 78 297 54 351 150 182 27 38 147 253 280 130 84 181 162 476 257 342 189 13 53 130 149 442 433 173 266 115 432 328 171 441 358 281 416 344 334 137 192 455 63 273 
335 269 296 381 142 59 281 210 215 166 328 291 342 263 366 460 228 420 460 157 196 113 196 304 391 120 173 133 213 9 352 355 70 396 231 311 473 406 5 322 493 358 235 345 39 303 461 243 287 477 347 326 136 265 394 178 475 213 467 250 316 395 239 263 168 250 395 89 69 240 127 234 321 396 481 171 406 250 480 465 486 160 204 229 169 344 187 232 131 128 190 500 443 417 326 228 321 371 172 263 
444 218 471 336 229 55 91 380 384 170 413 255 499 192 354 442 59 183 255 105 469 294 18 471 190 482 97 65 130 140 323 485 228 136 335 399 306 131 43 70 192 491 49 414 275 71 337 97 206 134 115 467 189 65 112 354 177 57 10 373 207 260 339 206 68 108 116 461 291 16 247 307 368 110 171 56 322 491 280 491 264 394 441 20 472 396 258 285 76 350 245 489 43 296 421 354 115 57 250 6 
450 205 5 292 177 23 399 383 156 248 312 332 359 280 26 475 39 206 248 168 57 263 23 452 83 310 282 5 196 113 450 264 366 369 479 400 95 279 197 173 241 20 306 426 170 121 185 312 402 396 497 233 231 69 492 381 117 423 120 58 211 107 80 255 205 247 341 500 162 283 55 358 367 246 498 39 397 302 186 251 254 336 359 290 20 227 449 80 407 64 25 341 256 137 345 126 101 247 262 129 
387 126 140 221 420 114 218 353 87 461 137 397 323 137 192 450 185 400 240 258 90 456 180 393 31 339 394 227 204 260 13 95 80 54 39 447 117 235 475 38 203 296 430 10 344 81 296 296 286 197 80 308 22 70 435 265 389 381 10 325 249 439 333 422 449 494 105 368 11 90 473 11 472 101 171 350 453 330 443 357 380 267 321 494 225 420 374 498 426 64 351 490 212 296 372 454 186 420 113 382 
250 250 297 16 374 450 21 148 323 409 434 188 10 437 443 18 313 113 500 102 83 112 178 134 327 226 208 90 447 46 273 241 443 393 294 237 45 213 220 106 388 391 286 123 200 308 190 407 456 432 237 16 489 95 129 389 405 206 263 185 482 303 384 321 10 413 156 426 15 73 132 19 14 204 222 207 71 176 319 433 301 73 388 325 94 406 127 60 90 426 468 379 424 337 372 162 135 279 23 481 
73 476 284 28 187 310 410 447 462 311 227 375 466 217 171 187 421 17 220 454 297 121 263 22 353 151 481 44 496 208 412 325 455 268 407 165 473 161 8 394 490 139 71 363 441 470 318 187 338 281 411 151 17 418 150 93 41 162 16 40 381 465 159 301 127 293 6 59 450 312 147 311 30 210 284 54 486 205 268 184 301 248 225 111 86 372 114 410 403 483 323 471 101 140 450 69 216 110 19 449 
230 346 435 95 273 225 238 180 140 230 188 213 176 201 189 60 288 12 196 11 247 49 363 270 300 223 275 164 427 463 420 149 470 345 480 95 497 475 142 262 189 433 496 214 123 301 113 227 229 49 492 15 481 430 356 173 84 494 415 326 211 86 174 59 389 42 274 224 88 266 292 324 333 379 38 465 365 386 194 20 379 436 303 277 154 122 293 268 284 344 75 411 401 464 387 122 243 325 320 399 
457 435 20 462 414 220 438 481 500 64 423 481 307 350 449 457 177 291 486 129 227 82 268 187 77 24 485 289 354 90 492 288 489 327 394 380 102 257 193 498 39 170 365 86 142 109 114 211 202 427 400 438 297 163 92 490 209 101 77 182 111 134 461 83 243 304 262 292 201 344 207 346 212 189 265 71 283 156 495 480 354 430 457 475 433 286 488 290 484 474 174 480 479 345 208 368 53 448 478 103 
218 178 322 192 93 376 77 392 133 402 283 290 193 383 422 248 36 450 22 440 455 366 380 43 350 409 173 216 295 394 88 335 69 58 372 372 428 132 145 162 107 181 308 260 361 86 267 15 200 375 418 323 85 190 448 244 81 368 152 359 304 175 74 389 306 192 70 260 377 300 373 433 382 293 402 29 334 358 175 468 297 129 121 381 55 48 322 457 62 229 153 115 365 221 434 198 296 5 366 89 
272 136 147 58 139 161 92 151 222 397 432 312 286 75 286 229 14 85 161 460 14 323 380 327 220 393 229 352 148 195 432 58 253 351 487 128 192 344 19 173 463 326 124 23 281 362 138 83 307 80 355 90 139 446 207 42 255 157 495 260 25 180 113 239 445 236 161 272 215 110 131 476 83 472 88 277 466 275 488 14 411 248 10 394 268 336 55 443 427 33 376 61 456 227 182 44 351 349 14 467 
145 322 185 449 333 492 446 290 437 341 280 293 310 31 39 89 463 390 240 467 76 459 270 455 241 388 270 170 226 124 465 430 439 17 386 367 488 286 429 135 17 97 193 51 356 142 257 160 456 75 480 18 261 241 143 201 92 183 44 269 377 272 26 474 465 473 459 390 100 363 116 322 98 174 322 82 302 256 367 331 406 190 414 147 398 257 386 269 304 391 396 469 144 84 91 331 469 292 33 226 
118 132 123 82 404 24 468 115 484 400 196 443 258 33 49 182 460 21 190 141 161 410 279 87 156 306 321 134 173 406 289 448 329 380 106 91 398 458 361 430 54 345 500 350 5 424 176 14 278 178 217 407 331 74 143 158 391 118 473 447 32 160 412 341 282 103 400 197 161 198 244 8 17 202 310 283 119 413 394 32 392 9 320 107 329 163 128 315 318 451 311 116 370 113 347 27 360 80 392 150 
204 17 476 411 82 70 355 6 213 277 322 219 98 480 499 46 343 264 219 71 419 189 437 430 451 412 423 334 287 331 437 81 162 494 267 402 39 112 479 403 498 59 459 486 281 339 139 131 94 92 458 170 190 385 33 471 174 447 177 35 280 374 356 302 179 158 334 236 164 458 108 427 246 311 405 222 5 47 311 190 376 296 400 95 47 460 466 396 91 354 202 208 248 19 324 258 19 210 269 67 
169 187 325 412 312 117 245 330 301 445 45 114 60 490 169 390 44 74 219 421 499 24 99 124 112 450 191 312 59 290 256 328 56 323 142 346 420 300 449 303 369 48 356 417 163 39 174 329 62 139 202 315 450 310 236 192 280 262 272 426 493 104 305 155 470 333 161 170 52 51 302 123 78 33 12 47 263 112 434 370 73 252 44 293 122 354 143 278 345 457 64 142 87 228 83 437 385 486 330 401 
203 451 430 297 117 48 48 259 271 266 72 208 414 253 185 314 347 301 269 372 330 363 294 498 14 426 197 452 73 412 435 428 203 383 319 59 252 64 314 54 174 61 176 173 486 25 202 156 316 327 180 396 255 273 121 97 139 311 449 201 163 22 172 146 379 178 400 64 98 222 121 133 43 333 443 9 287 212 476 301 348 10 247 63 153 171 415 349 401 18 231 367 65 106 76 327 302 479 259 184 
104 82 96 492 130 413 315 256 197 389 218 124 294 237 183 139 275 208 149 348 448 465 32 391 434 475 76 66 202 291 18 98 447 328 332 342 459 317 24 451 68 244 471 457 287 346 14 249 154 384 343 383 295 21 87 8 375 61 376 222 436 34 226 436 365 254 431 29 334 59 340 243 268 355 435 236 355 89 485 59 365 136 96 227 211 398 269 221 68 480 452 462 15 495 255 309 265 171 488 49 
497 385 274 249 213 32 156 357 234 189 146 76 310 330 412 77 207 5 218 279 119 369 155 135 357 294 165 312 146 63 11 148 433 289 259 257 21 497 86 413 122 268 485 39 329 335 347 489 18 346 78 411 417 286 236 62 392 122 92 438 81 451 243 345 298 450 227 392 100 420 326 204 159 229 238 88 476 73 495 461 391 181 378 288 250 473 15 115 114 377 264 402 343 273 332 484 278 343 188 112 
69 276 52 245 477 137 492 298 163 244 90 286 476 496 416 454 93 236 178 408 16 181 172 144 171 196 205 271 191 362 464 74 131 155 353 421 393 46 425 404 180 484 226 92 53 437 290 180 321 407 116 222 19 448 64 21 275 358 434 304 233 73 268 258 52 372 90 139 280 431 444 329 200 141 191 73 435 98 253 379 441 382 425 486 125 176 213 465 123 115 318 162 118 404 40 221 387 355 472 315 
121 96 379 192 63 161 52 266 352 82 267 147 300 153 234 12 371 79 466 149 260 275 76 156 360 313 223 211 414 313 296 75 286 381 320 430 21 413 239 61 218 418 383 474 65 289 188 384 490 86 222 45 389 84 109 271 391 203 436 246 412 23 319 162 243 315 251 253 130 139 437 397 264 139 495 67 223 29 12 229 189 33 190 279 229 285 233 136 235 496 77 336 117 417 40 211 314 81 43 410 
126 45 39 500 491 58 225 212 324 394 65 190 70 279 462 51 233 124 225 386 64 395 52 55 492 59 268 418 160 469 409 170 401 239 194 138 385 78 188 336 208 293 106 447 96 164 152 9 161 454 18 499 201 210 140 67 487 254 5 398 139 114 439 253 126 260 147 163 156 346 111 81 500 375 73 378 169 419 247 121 166 248 224 162 319 300 144 160 46 435 72 395 447 193 129 7 97 453 283 94 
77 479 443 12 128 460 489 440 453 93 241 47 110 483 453 185 381 213 102 325 480 475 239 118 447 500 419 127 272 117 475 62 416 395 283 327 184 153 221 241 218 27 289 176 349 228 325 202 369 300 401 484 293 253 438 143 170 415 364 318 77 254 357 378 381 54 124 295 5 39 61 437 252 50 215 340 132 387 129 307 68 322 220 40 118 384 500 348 272 168 71 230 154 416 139 165 249 312 39 355 
63 165 277 93 180 269 202 7 210 494 301 19 224 44 7 297 436 446 284 109 423 109 363 222 97 387 212 186 162 81 328 46 153 366 25 413 93 447 148 472 384 343 119 126 39 368 422 402 345 53 267 187 70 300 149 275 314 480 488 369 154 485 455 313 454 309 93 91 231 191 76 337 83 483 149 313 220 498 7 141 278 206 295 155 198 283 394 246 464 295 119 53 299 393 299 97 453 95 465 308 
32 285 444 495 350 81 106 25 49 105 23 26 138 386 22 81 142 399 118 42 77 81 109 407 142 91 347 435 378 381 430 459 356 115 431 49 247 299 387 259 461 478 255 239 301 255 12 333 261 123 84 361 148 402 10 182 228 460 364 65 247 326 428 244 356 422 276 499 383 32 78 38 344 364 219 21 105 123 253 235 67 178 195 90 323 140 386 439 67 274 82 479 98 159 439 144 112 256 406 462 
326 100 228 131 192 462 203 74 229 166 118 145 366 246 250 461 457 20 120 202 217 277 281 427 288 363 449 327 460 298 203 224 396 329 201 239 55 254 371 421 428 111 111 128 314 99 150 432 353 230 165 406 452 304 129 172 215 449 21 214 174 288 484 410 310 178 206 188 200 32 120 56 75 415 21 356 21 287 243 173 498 6 106 477 187 70 300 285 445 235 157 434 92 264 496 235 200 365 166 76 
355 420 6 30 405 119 26 353 119 147 281 463 239 280 440 463 269 230 20 432 152 325 253 406 52 364 191 176 19 133 129 266 34 31 192 130 386 484 308 293 386 234 31 380 481 64 105 376 52 150 68 216 416 352 256 419 314 39 186 479 123 487 409 88 79 221 215 356 341 439 108 473 452 217 184 298 79 294 184 19 475 407 6 19 448 411 318 452 343 262 464 362 482 360 411 304 307 89 74 460 
369 21 256 82 13 98 347 243 122 40 75 387 446 421 152 362 495 41 221 397 134 183 152 119 33 20 374 128 165 308 262 470 131 250 404 433 32 388 337 152 129 387 142 434 191 484 126 256 435 153 145 298 90 420 470 101 479 470 368 312 195 320 30 187 205 325 270 343 220 289 464 118 496 190 311 21 112 55 181 437 340 339 183 89 496 459 197 412 259 150 479 486 70 264 63 125 372 293 177 307 
373 71 218 173 397 236 48 260 334 369 67 267 241 214 220 383 383 31 448 283 394 48 110 342 145 282 281 196 468 394 160 172 369 101 77 415 121 22 115 300 467 56 44 393 8 116 397 222 490 125 463 331 180 101 342 64 459 247 486 137 257 485 279 279 136 154 368 123 295 447 342 289 202 210 306 315 395 249 445 431 92 52 330 349 7 23 276 218 147 142 135 140 252 210 435 437 394 322 64 338 
273 348 453 359 219 7 203 32 210 445 76 218 43 444 483 466 230 470 226 491 497 218 305 386 315 407 32 143 152 396 331 490 244 363 397 94 290 180 246 381 263 365 305 164 360 146 209 30 423 162 271 53 476 417 461 288 362 118 344 50 217 425 388 290 66 310 5 325 139 363 82 380 231 201 358 168 419 218 26 190 335 465 157 398 365 426 449 212 212 370 14 233 25 84 272 162 414 403 298 249 
104 496 428 290 113 217 475 202 37 211 342 197 479 221 496 52 240 182 357 82 366 266 26 146 16 116 209 414 246 148 313 496 80 135 288 474 328 41 435 55 378 36 84 492 323 114 473 166 122 373 391 424 206 219 266 80 497 244 60 319 149 183 91 260 479 319 106 496 58 184 389 238 496 68 474 182 53 196 326 355 179 339 282 298 149 247 402 388 410 490 96 477 75 478 168 396 132 219 437 265 
363 334 207 475 445 225 54 417 324 21 350 5 258 342 118 263 197 156 101 386 375 123 287 176 216 136 100 389 309 406 353 15 147 267 288 292 12 15 124 355 383 415 442 428 363 205 484 404 149 118 452 410 346 286 337 159 354 461 377 324 470 151 167 249 308 140 234 301 371 245 337 315 368 57 332 149 233 226 417 372 238 434 384 126 285 342 239 175 377 144 100 237 134 302 67 374 470 375 183 141 
393 435 262 277 292 251 40 273 318 319 345 340 269 428 305 7 266 172 67 189 268 318 48 336 45 94 351 483 177 446 462 443 83 92 399 469 45 87 350 101 65 305 467 298 479 451 216 357 183 52 389 263 396 173 369 430 232 219 369 500 333 427 390 253 105 393 376 91 370 6 496 467 384 275 369 88 317 464 159 58 168 182 298 157 198 374 72 101 295 221 223 23 425 380 380 368 375 453 127 56 
55 362 40 82 104 118 338 458 78 180 47 449 405 452 332 120 215 279 185 178 417 376 312 36 188 377 435 345 348 272 155 131 246 157 143 379 276 256 499 163 79 467 218 458 99 95 148 35 58 439 367 31 475 235 147 157 287 320 425 374 427 121 220 116 226 494 154 423 114 65 481 200 393 167 354 394 187 172 372 277 143 170 332 28 166 329 347 91 485 291 336 249 464 372 499 364 13 187 412 170 
461 478 6 223 155 430 157 279 367 13 328 257 486 443 170 353 121 329 207 348 15 466 288 32 414 143 429 313 410 390 459 221 115 420 168 438 236 167 46 255 287 230 454 393 35 374 320 8 183 145 287 125 293 391 244 181 140 448 324 38 348 304 395 159 321 253 94 356 438 125 313 360 113 198 370 218 78 305 13 305 17 325 432 113 22 45 320 56 360 117 240 337 335 240 219 386 250 450 282 269 
281 479 297 184 433 307 320 474 307 434 398 210 419 106 135 134 161 342 434 311 94 244 366 114 161 104 421 218 17 31 324 21 496 29 495 490 477 386 69 133 435 285 111 358 358 237 408 459 349 166 178 443 57 182 173 172 498 146 354 272 345 175 32 288 347 370 123 225 181 360 79 355 7 398 272 436 281 437 127 446 121 382 435 139 49 111 483 265 347 350 152 451 52 122 27 16 149 146 35 403 
73 352 353 75 434 332 92 495 355 25 39 393 249 390 299 163 309 491 206 381 420 413 314 42 315 108 73 296 401 73 498 58 245 410 494 270 435 330 263 362 430 490 63 125 493 319 310 252 396 135 104 309 59 402 138 324 271 360 285 247 465 375 329 444 117 108 171 269 217 242 465 454 77 338 443 446 474 364 202 85 116 205 472 337 155 248 95 329 308 109 76 487 137 282 499 109 355 311 63 115 
50 229 481 105 28 163 308 486 210 98 492 16 252 246 93 259 319 224 271 309 280 359 458 329 400 110 441 232 113 137 35 480 192 69 416 423 112 5 449 290 68 346 107 399 234 128 163 6 237 164 373 95 180 354 247 276 265 442 231 193 66 107 463 400 239 255 58 411 493 197 44 173 139 311 130 452 34 75 87 89 21 282 145 446 297 200 490 388 22 277 75 299 443 398 477 96 465 305 20 46 
344 293 49 394 230 253 285 307 382 75 62 57 204 137 40 231 454 392 240 74 22 379 129 370 8 202 302 368 328 179 27 91 91 441 447 408 461 272 369 337 378 71 86 74 77 113 442 468 65 230 475 116 216 434 206 151 140 174 191 292 374 438 94 432 204 45 114 211 319 264 356 182 453 23 366 421 393 267 142 176 350 452 374 128 290 34 469 151 12 56 221 104 243 37 138 408 444 141 376 104 
57 7 296 263 35 303 201 333 231 373 46 374 324 207 385 496 24 318 443 322 362 275 448 11 390 219 453 246 186 80 274 405 220 35 310 103 189 350 275 182 478 454 314 394 220 254 261 73 94 48 239 331 169 343 159 149 111 265 402 163 372 74 5 88 373 486 121 212 86 261 283 407 193 486 248 163 257 398 110 33 486 454 302 249 228 64 164 92 99 274 142 46 419 96 10 392 260 234 224 404 
195 280 410 290 481 43 362 304 254 95 416 27 484 75 214 117 237 357 424 195 299 90 349 383 262 192 459 140 456 144 14 89 63 330 93 430 493 48 74 136 15 309 115 39 484 41 21 416 327 188 196 327 87 167 176 349 467 24 44 480 443 350 252 259 40 226 57 221 349 131 74 160 62 267 68 122 39 66 213 230 460 30 61 40 103 366 212 293 228 14 314 435 471 394 418 398 433 240 143 122 
97 320 407 288 86 35 116 327 265 139 51 5 450 30 170 16 359 469 29 386 347 261 165 478 91 332 368 393 211 248 375 443 375 57 365 489 177 51 410 202 298 479 292 283 329 477 194 225 118 426 79 326 74 171 19 232 411 210 366 208 421 65 247 473 121 124 63 291 493 382 416 460 292 13 235 5 197 270 336 72 322 468 395 265 338 19 496 89 123 482 63 51 268 449 434 320 457 490 472 249 
251 49 44 189 200 287 113 233 313 406 53 491 311 327 389 478 287 98 109 333 160 488 327 347 224 161 123 57 194 437 363 125 325 234 65 463 478 161 95 377 216 125 422 63 280 435 164 251 466 342 178 206 466 458 478 114 15 117 338 60 67 146 19 108 134 439 373 107 455 107 343 408 43 122 9 476 464 342 498 490 318 137 285 131 423 413 164 497 475 8 341 383 135 396 164 191 328 279 133 497 
302 176 434 239 48 446 321 82 255 177 126 484 133 489 30 170 317 288 85 26 422 499 285 210 295 91 30 483 38 381 243 321 487 342 225 111 443 263 205 59 39 459 366 20 409 476 14 154 49 197 327 482 457 273 288 277 128 183 487 365 37 108 346 23 498 315 478 40 472 140 107 91 241 31 17 400 277 475 96 6 136 266 76 92 248 408 232 169 151 32 375 199 428 73 354 342 99 460 60 243 
408 187 219 484 470 274 107 355 359 96 427 289 139 409 377 275 123 30 68 257 150 352 400 323 60 114 181 182 293 25 319 242 456 64 467 453 36 39 119 477 344 428 268 211 105 378 311 424 279 228 388 353 400 129 274 203 145 457 319 454 267 441 219 367 66 331 225 311 127 412 495 76 84 280 287 493 104 284 44 463 39 363 58 460 101 102 390 400 290 387 162 148 274 145 411 8 252 450 475 336 
5 461 457 83 300 339 181 274 40 160 258 20 475 474 386 81 16 30 73 499 303 317 357 103 430 179 26 154 362 464 340 300 329 446 149 262 120 9 211 305 438 406 139 371 127 137 409 248 365 344 91 226 490 141 130 172 482 97 155 290 10 219 399 26 414 242 138 389 43 57 100 190 269 161 380 78 433 143 112 207 455 72 65 77 195 406 329 415 182 369 387 482 177 331 221 489 386 373 158 98 
486 31 496 436 57 124 176 320 161 173 310 316 277 336 434 91 427 118 465 75 235 293 203 203 428 389 277 269 62 111 38 329 273 257 370 406 178 184 341 257 353 84 183 363 40 243 339 150 11 127 97 83 72 365 454 214 365 24 496 373 121 302 303 51 23 357 335 275 81 250 261 429 284 448 476 326 170 56 290 103 141 318 156 33 441 304 244 169 112 291 497 487 286 372 27 122 85 127 416 365 
63 44 373 213 322 344 102 156 296 466 321 270 42 400 22 447 426 15 237 203 464 330 417 347 401 372 170 184 230 435 169 271 244 16 388 423 464 65 454 369 129 490 254 376 290 217 137 305 384 21 124 219 35 408 286 387 464 74 264 432 443 414 298 212 231 173 104 305 224 488 347 424 226 296 47 362 185 40 465 398 452 403 182 226 208 367 23 417 189 292 392 23 113 132 13 436 224 328 484 65 
174 146 470 419 301 195 325 171 206 404 339 303 487 303 377 306 207 438 36 212 202 171 40 318 477 25 8 409 302 93 455 65 99 324 308 373 42 129 439 136 38 256 269 208 371 257 375 26 107 290 435 157 64 57 265 248 188 462 103 274 495 328 116 94 373 494 293 124 476 38 148 338 77 298 175 323 482 195 217 489 53 371 6 331 74 307 321 228 416 150 164 255 52 39 160 108 194 276 137 40 
238 377 77 406 24 204 305 323 372 111 171 378 37 310 93 479 460 335 321 52 262 209 205 259 487 227 101 86 402 483 355 135 100 402 391 369 465 164 454 430 234 273 118 322 70 254 238 485 376 429 55 335 363 340 360 380 493 132 349 435 125 205 255 18 430 191 195 139 466 43 127 289 265 472 62 143 326 68 323 131 94 407 230 479 75 396 262 421 338 371 415 333 192 492 185 122 315 451 149 405 
256 303 210 131 137 208 23 257 226 302 299 195 260 143 208 132 296 73 126 253 458 224 427 174 102 498 69 224 171 260 153 113 41 295 241 8 342 210 75 410 173 123 249 260 218 50 118 289 257 389 179 392 344 291 431 450 134 372 183 227 13 375 397 97 244 483 89 256 241 265 128 257 458 280 450 136 171 347 175 95 165 251 120 386 177 278 323 384 42 278 151 173 159 227 199 381 181 75 22 207 
413 438 178 90 112 471 39 472 106 293 422 238 218 181 432 333 75 395 370 298 443 40 277 429 17 166 210 188 457 128 413 126 112 259 491 359 154 127 380 447 448 499 149 152 280 374 319 33 485 470 160 445 131 345 470 94 26 416 478 466 361 138 107 198 178 244 433 151 282 334 477 146 372 497 499 132 195 192 194 42 155 447 158 480 104 171 128 122 246 154 221 137 291 183 450 323 379 457 246 223 
103 59 99 99 244 180 120 325 122 57 66 324 488 454 249 244 107 256 33 382 442 102 91 491 206 156 41 343 76 197 384 134 255 345 320 131 56 318 202 173 303 265 277 127 341 251 490 78 341 327 82 364 447 443 425 371 39 182 367 386 264 130 236 234 471 8 241 83 218 145 385 477 498 433 247 336 14 66 308 480 283 147 142 121 64 392 206 282 277 313 383 294 170 305 322 432 314 198 462 494 
244 29 112 62 256 341 432 366 339 33 325 374 377 69 75 181 76 126 28 11 243 354 176 462 445 191 70 299 233 295 370 344 72 448 55 348 329 242 316 484 103 320 314 175 150 147 67 303 160 364 144 388 275 152 277 412 352 251 465 126 247 211 427 417 128 177 316 292 121 19 301 454 383 303 356 53 277 61 29 480 310 80 488 475 62 271 169 19 136 465 74 234 167 108 370 175 112 405 381 104 
498 399 142 459 139 370 481 29 214 208 104 453 361 208 158 376 44 109 148 259 319 108 117 118 180 258 464 331 131 131 372 268 290 258 484 340 354 485 433 383 141 498 5 5 382 460 297 410 255 81 262 277 239 451 405 79 264 150 199 420 106 64 344 52 428 337 365 147 353 72 428 159 399 122 426 448 59 329 375 259 88 180 93 473 43 299 203 247 474 323 199 199 375 417 35 222 316 80 160 366 
360 76 388 101 107 99 123 310 103 214 467 382 64 384 469 425 337 488 74 297 9 350 303 391 172 451 211 425 249 48 119 382 198 189 404 443 97 412 418 197 354 181 96 5 208 35 208 45 330 401 238 18 182 353 415 420 446 27 357 343 124 9 293 258 154 242 13 453 83 375 279 450 255 208 335 313 464 311 447 224 490 205 7 162 493 196 387 219 463 73 271 22 253 52 210 186 328 453 311 282 
382 117 232 431 336 428 267 473 65 204 168 462 166 453 207 312 245 430 189 35 376 433 402 127 235 352 189 476 172 126 197 301 154 86 145 130 467 197 497 168 374 332 175 369 9 369 455 12 223 183 411 141 111 405 132 228 306 255 58 226 276 16 498 407 302 377 100 275 211 71 120 382 361 281 276 369 126 487 253 81 252 299 26 162 50 195 286 86 141 455 82 377 369 200 25 67 89 73 275 94 
154 345 458 291 386 254 319 323 151 210 458 446 490 200 107 81 238 91 209 262 307 260 26 85 55 54 465 288 217 91 461 169 435 77 373 374 184 85 109 70 147 323 487 209 457 297 455 85 433 183 414 227 315 45 273 142 474 34 329 240 243 126 429 132 196 158 177 471 39 492 196 478 187 188 27 293 47 399 87 141 227 296 388 310 283 494 169 187 461 329 238 74 186 415 160 211 396 367 92 192 
71 66 373 208 311 83 399 213 54 461 320 358 276 142 404 483 368 354 479 235 445 333 237 408 203 270 412 468 470 333 362 445 61 223 42 402 500 265 161 124 427 23 460 65 313 88 432 280 487 500 210 377 117 399 362 478 337 103 170 451 483 277 262 18 321 55 369 423 410 237 155 290 245 148 328 28 170 449 448 158 405 462 140 490 340 56 139 226 257 348 115 285 254 171 145 33 287 431 285 170 
486 287 234 71 94 103 375 400 51 176 149 149 62 31 145 499 419 15 306 392 142 130 60 210 416 290 383 455 226 492 277 409 470 73 399 444 13 264 346 63 390 226 88 71 104 186 38 386 479 379 388 207 49 488 201 124 17 286 366 334 427 308 449 259 264 319 436 186 473 54 225 268 495 113 184 483 417 333 309 7 347 38 381 427 48 234 332 297 53 206 141 478 74 361 163 70 209 117 317 134 
444 381 460 29 203 218 93 98 276 458 129 369 184 117 50 472 374 197 378 10 317 473 103 454 131 225 466 228 40 309 458 72 328 231 142 33 424 58 143 57 22 391 32 232 216 206 268 85 258 85 160 122 406 94 363 168 431 367 413 91 124 106 383 212 186 295 474 451 450 469 237 353 117 377 207 113 105 234 242 375 434 116 482 149 399 455 31 295 451 248 123 477 40 489 329 143 276 291 401 148 
455 276 435 146 75 217 252 254 37 10 354 166 414 52 155 300 28 143 80 229 498 486 271 395 217 15 68 73 178 456 298 461 448 95 184 260 5 466 361 41 72 335 74 402 157 40 456 415 154 26 426 9 66 167 411 222 335 106 128 252 245 388 243 180 120 490 199 121 398 364 317 54 443 253 69 426 357 203 61 63 226 335 317 83 211 6 365 400 305 233 210 475 483 47 124 352 145 449 162 245 
323 396 417 480 17 261 297 439 350 239 241 490 169 272 239 467 91 474 259 87 220 468 429 360 82 100 458 289 58 58 372 117 356 249 130 76 409 269 393 423 53 480 372 229 269 60 112 236 107 148 460 68 50 500 344 470 359 279 20 35 432 349 462 403 100 287 409 232 66 162 42 121 242 98 207 68 61 224 362 444 32 322 81 395 326 132 334 40 446 173 407 128 122 155 214 110 392 74 123 425 
457 274 402 351 263 308 175 244 42 216 119 470 413 303 378 377 297 421 479 210 373 187 417 469 66 381 366 212 70 244 386 329 302 307 156 416 31 419 164 188 165 464 61 288 427 212 257 135 498 33 80 419 162 420 40 375 304 381 361 184 41 349 282 399 59 52 70 135 46 493 322 341 378 236 401 389 66 330 229 251 166 116 411 445 295 64 339 372 418 500 139 392 103 76 68 6 96 265 30 337 
108 452 343 275 249 481 155 81 262 269 157 458 477 279 110 368 258 11 118 185 306 242 458 324 352 116 442 180 224 188 70 359 9 57 335 443 151 418 391 225 66 485 247 387 181 174 197 126 236 423 180 452 14 58 183 334 42 281 427 166 223 416 49 288 85 411 121 125 175 446 230 78 119 250 284 39 305 340 190 279 135 350 313 415 105 132 470 478 476 472 120 109 373 168 26 81 10 176 431 370 
54 246 374 420 47 162 401 202 452 48 289 459 86 401 450 88 367 169 239 324 437 106 26 377 460 463 77 240 477 411 250 356 353 482 77 471 197 423 453 439 104 484 160 420 296 344 237 437 5 478 412 184 382 261 330 494 354 321 488 21 235 18 301 201 31 401 61 304 476 401 34 421 426 99 382 394 127 434 105 115 334 268 467 70 16 487 64 270 349 132 431 80 144 375 290 261 242 451 372 380 
59 383 421 28 416 317 280 181 228 443 450 129 143 384 324 434 397 439 224 232 226 473 483 160 128 82 393 293 356 250 235 450 390 347 109 460 385 173 6 332 345 350 32 271 270 387 361 227 350 317 405 443 105 15 284 258 351 17 128 175 67 260 106 59 449 50 109 236 406 457 432 13 461 134 437 353 158 360 169 418 400 81 255 426 60 245 223 364 368 428 113 64 406 362 400 462 61 86 468 38 
93 56 396 70 319 59 435 98 469 470 287 390 492 343 244 463 452 382 451 101 297 495 67 83 345 84 58 129 363 444 347 292 167 10 425 176 486 303 491 323 279 259 351 42 159 414 467 338 74 243 45 277 363 35 420 469 57 122 63 195 334 336 452 146 381 328 155 251 433 343 171 155 133 11 490 77 445 273 276 200 37 420 228 105 454 257 277 153 279 240 447 482 12 118 118 374 329 11 246 204 
301 174 428 217 441 225 488 18 283 195 366 424 177 398 110 469 439 450 269 213 376 229 82 149 165 235 483 133 96 63 447 433 168 205 334 151 446 229 436 239 259 162 128 128 183 70 342 301 161 129 461 449 494 226 124 381 434 146 423 111 360 177 389 179 288 190 218 152 73 344 168 426 29 93 314 426 205 67 375 469 355 184 206 89 172 160 382 98 452 245 337 334 196 233 378 233 283 295 403 161 
15 153 237 64 410 455 397 251 327 421 340 190 49 128 400 30 338 274 433 52 196 423 416 177 312 210 376 232 383 363 391 187 244 30 315 137 195 99 20 30 204 245 437 155 78 255 194 285 444 409 101 6 204 478 118 138 279 474 433 132 490 437 146 444 169 329 179 196 219 206 355 367 149 265 130 298 424 107 96 229 327 266 347 77 255 387 211 333 403 390 430 318 168 149 486 225 435 425 453 83 
