190 386 226 167 127 483 437 311 347 253 155 13 54 431 327 281 383 369 104 59 468 196 220 220 35 182 246 482 386 399 249 118 385 40 226 82 264 13 241 446 343 444 33 431 287 439 92 467 446 283 435 130 207 5 85 99 369 278 147 134 475 342 431 14 363 244 9 79 417 204 72 89 406 293 106 452 171 28 24 356 455 181 447 451 273 123 161 22 48 216 145 387 247 76 285 283 282 73 274 52 
385 211 157 463 318 158 33 214 296 210 83 239 27 114 240 442 457 178 187 258 491 226 134 63 168 372 438 476 58 78 462 191 288 154 208 126 356 274 171 244 12 477 435 268 378 87 51 344 433 137 55 423 258 423 12 13 114 71 216 356 447 246 111 113 412 369 476 92 373 329 20 174 338 416 208 410 295 274 261 354 74 226 123 498 113 72 44 186 347 497 169 273 438 439 380 371 6 212 97 237 
61 469 378 474 223 155 98 483 73 227 23 240 13 98 120 477 357 381 201 453 283 17 431 407 457 82 437 212 375 191 180 29 362 432 236 305 284 321 382 397 306 497 101 63 425 476 72 40 319 473 207 318 193 326 384 70 270 286 82 206 170 83 200 178 93 341 130 167 14 37 250 214 379 374 211 202 122 72 232 202 334 9 191 51 483 405 239 278 354 251 286 211 498 359 277 484 289 493 316 17 
404 355 274 359 25 357 294 443 401 221 151 150 432 434 184 218 455 347 474 347 469 398 82 174 356 140 411 270 66 400 267 294 244 461 253 357 247 20 385 358 421 322 326 183 288 10 360 31 246 160 37 9 215 145 142 47 334 283 318 256 220 369 240 317 84 160 149 283 439 358 67 149 338 119 108 492 193 101 448 32 342 497 12 48 260 321 365 444 388 133 471 42 31 232 356 457 209 167 160 443 
302 398 341 146 212 460 36 343 216 476 68 254 299 383 304 124 131 303 125 211 478 47 234 128 154 203 69 260 288 90 68 320 406 423 108 128 61 442 296 106 324 379 286 216 118 233 84 33 497 398 429 352 280 406 135 42 24 162 64 79 114 240 210 396 59 479 265 288 498 433 264 436 95 447 277 214 77 94 135 364 154 143 362 468 18 66 309 84 36 258 239 289 361 43 466 282 167 251 484 497 
323 47 366 138 468 447 83 156 104 119 34 41 167 112 321 242 110 114 382 337 336 104 498 234 430 36 96 33 333 371 310 481 431 405 461 87 329 267 15 282 411 234 260 297 21 246 244 60 285 70 419 373 103 71 500 69 421 331 334 410 159 222 353 35 29 450 358 442 125 159 301 323 449 377 338 381 467 104 366 193 73 31 108 473 465 207 48 110 467 76 100 139 82 208 266 288 179 273 251 227 
121 381 245 415 449 168 338 229 482 128 344 131 385 170 25 224 184 11 105 146 447 225 128 294 103 106 357 85 72 136 144 255 350 237 43 435 494 88 205 156 167 168 432 65 218 217 282 384 147 140 165 88 444 212 400 146 164 200 72 325 151 60 416 133 273 158 454 56 100 360 353 201 50 144 6 81 240 13 453 119 306 53 406 248 288 200 11 24 13 330 328 414 154 238 168 101 227 38 469 373 
458 484 442 172 277 392 138 413 373 453 468 358 39 408 14 459 456 295 407 319 354 173 221 380 398 489 467 220 31 48 394 269 372 473 278 170 62 130 162 333 369 165 467 447 62 253 119 243 181 197 243 75 153 347 128 169 391 400 428 406 340 488 296 483 339 256 475 34 47 249 347 483 32 329 273 92 143 259 365 232 340 309 106 455 240 301 263 446 484 95 463 477 429 134 456 174 123 473 34 5 
307 362 104 475 399 261 478 342 359 179 268 69 101 279 499 125 277 304 113 195 7 133 401 365 8 346 5 449 493 493 379 71 295 107 27 253 458 161 350 315 80 150 386 375 124 331 306 238 74 156 232 262 335 349 194 411 496 197 66 23 340 105 99 225 456 421 498 42 156 58 110 287 285 14 458 225 384 334 261 328 428 70 203 147 464 494 269 410 216 421 196 198 67 342 420 481 48 234 329 19 
32 380 473 10 34 156 86 345 357 390 362 232 484 319 105 208 435 135 128 251 111 493 352 95 99 262 68 12 53 427 385 369 425 424 424 500 391 489 66 91 500 208 310 55 343 372 280 58 225 151 279 108 27 180 406 457 248 8 454 193 252 468 150 426 175 256 331 215 482 362 117 169 372 392 237 471 311 476 309 34 427 333 491 246 311 87 40 26 383 213 254 331 156 250 452 499 494 183 137 489 
184 294 309 444 286 338 276 114 234 273 205 193 264 100 365 305 307 335 469 403 257 378 214 252 43 240 177 378 433 358 243 214 457 265 94 332 368 390 44 389 38 483 153 116 36 35 126 239 333 367 459 217 428 187 471 286 394 265 205 71 369 316 65 108 322 274 200 84 441 125 457 55 372 376 168 92 31 180 70 353 196 189 312 485 39 431 140 359 97 363 207 233 136 405 165 352 159 261 474 484 
348 230 419 182 239 360 74 80 256 177 433 411 489 294 394 272 7 229 165 179 457 97 123 248 372 90 205 443 324 221 491 338 404 327 434 432 452 301 348 136 245 380 380 177 291 447 481 374 177 458 175 386 189 399 356 494 93 218 434 168 282 463 295 249 173 176 360 157 50 304 327 209 246 162 289 341 113 421 192 13 360 402 116 83 411 8 69 165 323 163 493 34 48 388 109 187 498 179 449 134 
297 413 35 183 186 355 154 251 382 66 64 93 295 220 338 157 386 492 116 284 295 159 310 83 471 357 492 319 164 126 117 14 140 169 345 122 375 15 331 280 261 71 183 466 438 74 179 307 50 99 145 262 442 314 428 146 181 155 182 429 86 159 441 136 273 100 342 437 185 115 94 316 25 18 292 383 479 439 146 351 115 196 101 96 132 200 265 64 74 126 32 395 402 472 31 33 476 136 21 324 
245 98 27 379 144 300 385 239 69 453 121 181 166 443 223 364 167 164 275 95 458 150 212 318 241 38 194 364 173 376 432 63 405 200 187 435 358 489 112 224 393 196 308 449 422 216 217 261 436 300 330 488 293 52 193 416 99 430 275 26 167 316 425 310 456 23 327 274 143 236 207 5 5 318 77 494 183 407 72 387 68 357 241 41 398 478 468 50 12 86 465 13 336 250 45 458 181 398 103 194 
470 12 399 387 375 35 216 100 221 295 460 265 408 336 61 38 183 488 91 402 30 24 398 428 154 91 45 227 468 302 215 164 307 56 337 9 474 154 231 119 232 454 338 83 19 385 126 169 78 258 60 85 118 306 462 485 498 492 302 97 281 45 254 215 456 354 342 233 257 331 49 446 323 431 251 453 474 347 190 495 117 425 442 396 55 466 279 100 8 267 297 422 181 56 135 85 304 406 74 448 
352 411 306 493 372 102 198 38 486 461 74 188 80 440 5 229 304 152 412 406 20 229 44 153 104 352 418 430 5 479 140 180 328 199 391 198 83 354 6 326 90 201 287 101 398 442 332 44 138 419 464 379 111 376 332 37 14 11 358 444 291 112 134 5 286 102 251 241 265 335 324 218 286 306 451 24 410 321 157 176 189 372 25 206 364 364 414 401 345 63 91 50 476 330 235 463 12 244 334 360 
78 280 297 200 471 157 43 272 125 130 189 68 105 161 271 292 216 138 342 62 391 61 368 439 24 453 364 495 465 197 341 371 275 475 430 95 433 487 379 274 78 222 29 192 58 319 367 410 428 46 411 357 308 64 373 274 186 85 292 361 167 303 250 486 437 414 403 464 119 61 256 419 228 395 115 6 388 5 195 6 490 154 293 6 237 234 11 494 297 148 438 421 341 192 82 130 314 17 73 212 
98 378 185 479 406 116 150 348 452 314 400 12 61 33 420 88 14 127 302 301 381 137 52 8 421 139 456 49 386 120 492 258 33 101 447 378 225 77 65 55 334 87 259 339 206 253 464 89 21 190 459 336 185 67 428 128 405 144 409 33 212 246 442 245 13 91 429 469 199 490 263 130 110 346 490 18 255 455 153 477 140 63 147 108 415 350 280 128 405 364 110 219 380 135 298 161 152 78 17 443 
161 427 390 320 298 202 137 54 433 166 220 476 450 29 161 283 74 362 103 341 39 228 189 351 450 178 156 261 324 106 223 85 480 307 223 30 226 79 368 326 296 318 413 364 365 469 394 476 61 176 79 62 141 75 102 249 468 415 125 343 139 230 240 406 182 24 51 467 19 384 444 485 442 437 72 493 39 494 90 168 31 317 138 426 217 16 176 234 122 486 318 308 145 55 91 333 58 268 174 299 
420 316 201 334 55 20 485 63 296 384 255 173 447 459 388 58 158 377 98 279 249 334 147 213 52 350 132 369 485 200 14 171 54 216 368 140 87 331 484 251 251 193 471 160 6 295 244 405 47 232 426 179 48 284 407 241 67 398 136 377 88 193 171 313 330 497 492 138 20 412 123 393 120 388 115 163 411 409 142 429 485 108 34 376 76 412 134 397 235 279 66 218 236 156 330 10 130 354 381 436 
116 327 63 173 223 354 118 288 296 384 189 166 129 316 15 132 351 105 469 168 133 481 152 375 499 358 39 450 8 72 342 483 368 482 274 168 260 125 74 103 339 373 45 83 97 404 165 401 351 113 84 442 490 103 228 267 281 98 103 357 479 223 33 151 13 461 322 464 251 498 333 254 320 310 148 72 108 402 337 482 155 355 328 282 98 473 76 33 265 386 443 163 419 139 164 41 266 381 174 132 
417 138 346 481 442 148 437 77 427 365 160 202 495 35 203 244 175 147 198 350 471 25 31 174 365 159 273 158 296 294 18 499 141 168 317 397 28 271 262 276 51 43 179 461 260 54 476 439 226 142 431 41 318 247 355 279 402 71 46 51 253 422 374 208 447 127 164 20 106 35 238 484 451 84 439 391 293 418 10 409 138 491 61 277 475 373 354 383 362 253 344 419 121 175 93 397 310 354 21 403 
163 68 201 221 417 31 354 258 331 405 446 75 108 131 229 134 246 199 308 192 117 173 220 408 255 172 300 482 181 67 497 462 489 223 22 330 127 463 294 232 127 322 487 155 395 27 348 89 12 189 436 287 327 279 222 447 361 90 32 358 397 142 434 207 443 65 308 18 108 254 131 93 486 381 89 35 141 141 75 161 187 16 210 483 326 163 144 400 213 87 409 316 59 114 257 458 88 491 257 344 
21 172 172 325 36 361 24 142 98 229 482 388 14 206 386 263 99 179 164 62 226 5 108 241 293 401 138 115 126 276 467 465 103 348 326 177 302 327 171 298 445 428 15 127 173 254 446 414 463 183 157 184 208 407 275 20 208 446 253 255 6 99 462 379 481 56 400 41 239 9 51 429 407 307 329 401 322 267 44 461 240 473 389 269 191 302 212 352 312 226 178 314 179 145 230 261 303 222 412 308 
446 322 399 298 141 345 31 59 349 20 23 342 102 272 170 348 342 270 123 400 440 227 59 13 296 267 129 406 434 385 176 406 351 249 17 303 214 228 330 310 225 235 365 270 366 276 447 77 293 490 498 332 174 101 353 340 358 140 290 213 491 465 454 196 355 236 127 249 469 449 293 229 224 408 372 461 425 270 379 111 132 382 377 490 71 269 393 489 109 417 475 47 477 280 137 118 321 194 31 97 
236 474 46 462 40 65 20 55 78 111 61 413 203 478 200 427 219 430 203 318 234 187 278 88 7 394 389 120 331 251 317 377 437 259 428 98 11 39 453 131 326 33 206 496 213 98 160 104 258 492 45 17 188 301 323 343 428 79 427 416 313 46 416 285 202 94 213 415 140 123 189 341 177 392 371 350 333 337 457 443 152 120 108 310 319 72 464 32 261 310 414 45 400 406 271 216 374 474 45 268 
38 203 274 16 39 357 24 125 488 13 315 155 74 312 266 461 358 172 316 249 220 171 358 437 98 497 366 107 386 438 182 149 336 331 251 386 92 282 205 201 436 363 397 269 481 181 457 189 474 270 345 448 481 219 177 14 17 120 190 11 80 5 485 192 442 74 164 495 382 120 385 10 375 479 488 457 177 153 431 281 414 479 131 455 245 448 230 500 204 158 153 227 282 133 445 357 217 20 252 379 
273 288 472 21 295 285 402 170 167 268 62 255 354 138 170 42 68 350 200 330 301 130 105 123 240 455 158 129 48 374 500 111 430 131 109 318 328 474 394 155 55 476 497 94 460 417 313 499 100 275 271 445 381 10 87 257 131 28 330 43 356 78 51 52 426 52 212 65 181 343 403 38 22 78 322 400 392 210 253 337 289 100 34 16 97 330 90 480 16 269 251 240 102 132 438 428 297 255 415 441 
223 88 257 268 273 411 64 430 417 442 280 268 123 105 83 210 433 324 202 275 257 157 82 357 273 151 469 271 300 273 204 94 349 72 285 113 401 242 17 62 243 337 14 364 202 37 225 312 409 350 81 170 279 385 275 435 353 205 360 161 217 302 220 255 87 50 137 389 209 308 463 79 105 153 377 10 36 184 34 500 195 394 302 419 137 8 121 195 164 267 239 138 81 426 273 61 127 34 429 106 
276 214 176 129 46 249 433 240 74 483 305 47 123 417 293 104 151 333 130 440 129 172 334 441 123 375 420 102 331 334 136 61 454 408 437 379 165 327 412 149 475 35 223 326 477 131 299 48 486 21 162 127 410 190 317 112 301 386 206 301 201 191 261 340 320 82 318 307 163 74 146 231 78 207 299 119 291 97 344 44 362 116 385 453 160 430 412 89 439 472 83 14 437 50 17 142 44 136 335 237 
348 291 14 346 122 393 102 485 201 329 22 208 324 189 294 182 163 494 192 272 220 40 287 433 324 484 32 224 413 43 369 405 341 351 217 267 67 71 213 211 328 451 37 240 14 270 175 154 369 275 210 210 434 417 476 37 447 49 380 458 119 120 245 152 385 83 188 118 275 350 284 76 12 5 348 365 327 359 497 26 497 325 395 357 257 274 374 122 332 474 102 338 96 248 96 475 135 87 8 41 
56 17 493 387 304 131 489 105 396 442 12 57 33 73 399 139 475 205 445 70 21 419 134 123 193 354 264 296 428 35 453 484 267 111 339 174 446 290 223 348 498 427 469 106 159 77 5 191 432 325 463 360 165 395 66 379 26 313 175 173 31 219 265 166 205 121 324 155 274 478 479 32 355 119 397 340 32 69 365 249 305 441 475 149 299 120 465 199 444 426 282 12 442 18 6 55 70 477 93 447 
188 277 448 151 185 17 182 361 385 206 381 412 135 427 419 485 484 327 94 215 66 378 96 173 47 380 247 308 87 498 448 150 146 365 54 24 341 359 451 259 365 449 476 432 207 292 422 176 184 120 102 410 231 117 126 60 192 148 193 445 151 406 239 103 157 182 169 97 322 454 110 239 492 44 449 425 127 18 267 113 480 433 16 210 495 132 338 379 239 159 104 199 265 257 361 449 217 197 68 252 
152 334 126 30 121 255 280 486 311 389 63 271 492 114 177 398 79 215 103 181 70 267 206 341 43 464 172 417 382 334 338 161 57 161 462 82 56 85 416 111 126 54 444 359 233 441 391 352 168 189 36 62 25 89 180 301 97 396 70 26 417 92 90 71 339 89 370 391 26 231 297 239 408 92 128 358 181 463 250 31 59 161 306 226 183 339 114 127 393 127 468 305 247 316 264 160 273 56 349 376 
458 209 244 378 126 36 400 292 264 105 197 498 5 126 257 493 174 22 270 263 332 98 400 290 485 372 326 156 219 345 374 448 5 162 372 327 423 414 451 300 44 93 284 369 61 71 223 373 398 485 210 197 186 295 221 303 243 384 36 270 28 59 499 48 272 12 120 321 427 327 263 121 480 494 63 116 364 39 40 317 404 324 149 360 361 130 122 88 84 91 278 33 393 263 436 194 424 396 240 173 
60 154 230 428 169 252 214 403 312 494 8 317 288 426 394 328 177 279 295 99 243 499 409 399 194 359 256 262 9 334 187 168 169 415 138 447 103 477 106 143 349 187 228 153 398 400 365 241 433 266 331 467 439 265 170 429 376 128 411 393 385 465 474 154 201 243 374 135 421 500 300 98 37 399 380 211 292 41 293 180 280 472 148 265 290 34 178 112 128 465 312 451 123 220 176 51 353 178 116 318 
481 264 468 306 155 284 274 5 101 36 465 473 275 474 74 364 322 269 275 421 187 337 465 241 399 270 487 246 448 467 435 367 34 242 479 244 120 40 296 474 209 160 129 281 403 157 374 417 164 272 18 383 446 76 17 424 106 227 307 275 368 409 220 14 193 279 495 65 85 325 306 295 181 171 203 30 161 440 70 442 297 197 57 198 91 121 96 273 173 214 160 257 200 222 95 340 77 320 197 397 
21 453 165 459 59 199 158 357 457 63 201 7 350 146 308 448 292 176 252 342 155 98 277 495 444 198 500 283 33 493 432 336 386 388 114 447 143 74 272 90 216 281 212 465 458 359 332 466 63 206 358 128 69 478 327 420 282 473 214 236 472 281 499 288 236 107 56 309 211 333 143 233 424 49 428 360 469 348 155 50 141 103 130 168 236 197 39 221 71 140 355 155 335 75 237 152 73 484 27 216 
389 274 31 333 338 173 49 246 243 229 405 273 470 408 458 43 160 500 166 35 350 41 396 113 128 369 207 414 155 131 279 411 353 264 17 285 381 429 289 154 238 422 210 407 434 315 305 341 88 406 37 218 49 120 188 319 292 248 146 84 362 285 158 317 477 221 75 124 165 468 259 228 241 127 369 86 88 29 223 55 40 226 397 392 34 84 105 217 148 16 145 449 449 465 13 413 330 294 391 79 
122 145 266 59 433 463 86 278 286 355 369 87 308 49 207 300 147 20 297 238 11 144 343 201 265 7 122 311 441 253 473 48 217 139 442 195 392 411 451 176 101 344 389 387 350 442 116 405 104 480 174 157 182 250 332 461 75 396 318 130 107 387 212 99 388 365 339 14 310 431 341 44 346 381 327 298 71 222 15 423 471 17 7 449 320 33 287 422 411 223 238 98 469 394 402 286 230 228 267 12 
98 401 323 94 21 289 255 95 62 306 274 253 135 80 126 5 302 472 44 180 186 29 447 207 227 98 420 286 40 21 137 78 281 410 8 393 154 176 462 191 344 54 482 105 49 451 471 194 84 106 458 281 441 327 109 374 84 387 185 247 321 307 80 229 290 180 462 442 125 407 368 470 245 111 255 294 453 376 8 301 336 104 282 170 241 360 90 160 159 193 271 316 464 45 274 359 108 282 356 278 
87 13 301 363 295 328 309 222 334 217 320 143 440 67 134 417 122 106 493 181 27 429 421 144 225 426 171 307 377 321 421 83 405 281 286 59 129 155 285 131 341 135 32 412 168 32 468 116 294 120 205 141 247 297 360 278 500 411 148 36 493 371 395 126 332 25 79 257 166 299 325 179 66 415 458 99 218 239 281 188 402 249 207 397 499 177 401 11 81 459 475 312 22 170 420 249 220 219 228 111 
340 312 464 335 175 409 384 167 153 227 323 464 174 326 421 362 343 92 248 140 341 331 285 351 312 156 309 80 335 156 191 164 317 156 382 228 44 118 356 356 20 420 183 170 285 56 87 267 147 403 116 479 342 161 334 372 7 179 488 487 329 98 35 468 440 232 343 432 441 364 6 53 110 315 43 60 179 132 356 99 74 137 377 235 136 12 336 492 434 100 155 213 472 54 122 343 31 367 311 377 
43 223 68 344 368 158 391 388 401 473 313 356 184 424 470 293 305 226 33 296 40 172 96 440 87 154 87 478 170 16 439 11 396 475 295 71 104 386 210 238 18 290 339 173 56 81 69 55 487 230 206 184 264 79 340 199 101 175 233 137 423 453 299 381 480 178 30 298 70 430 186 70 313 69 29 67 348 240 350 147 431 25 477 39 464 293 217 105 291 88 141 354 187 318 89 469 119 77 332 116 
289 72 460 323 283 140 338 326 21 403 197 7 272 302 106 412 488 53 47 195 471 417 43 477 374 366 329 92 204 170 438 287 213 179 120 162 27 40 361 289 102 393 209 336 46 74 408 146 486 322 141 264 127 329 320 267 362 408 490 485 148 418 126 492 484 395 101 393 229 123 234 355 241 264 305 61 214 370 274 423 218 277 372 496 486 111 55 138 91 217 75 441 479 322 159 219 117 333 354 426 
306 222 159 231 35 260 41 291 360 163 74 480 43 495 273 429 431 324 210 327 15 472 128 272 72 120 316 335 486 334 468 404 62 276 249 370 322 363 447 36 154 433 241 459 15 172 470 296 408 144 299 388 34 235 179 166 310 235 9 140 55 400 253 236 114 332 148 76 70 38 305 158 233 253 212 481 430 441 290 154 9 196 131 224 459 224 103 312 60 55 107 488 115 105 100 339 110 255 35 104 
288 74 175 361 112 459 53 221 177 489 442 371 389 125 41 388 293 423 390 385 173 221 150 190 83 60 411 242 277 302 87 152 155 131 10 116 99 341 474 496 475 15 440 79 49 153 30 403 367 94 151 394 376 345 342 234 476 377 278 294 289 237 146 20 402 32 209 76 287 345 473 319 34 239 318 364 119 137 243 45 177 493 294 56 331 401 32 52 151 279 358 318 53 219 154 52 297 38 499 376 
308 415 204 208 307 149 413 220 51 452 257 156 325 399 87 169 406 483 136 179 173 485 320 84 436 418 365 162 213 387 204 318 372 316 462 11 363 357 342 425 460 207 340 49 264 303 362 93 461 141 434 352 331 64 64 73 443 378 449 178 48 209 410 195 352 485 311 68 186 446 292 487 74 120 151 238 17 456 109 492 354 7 335 383 417 22 265 161 432 37 177 205 177 411 363 255 187 482 131 495 
358 24 167 120 145 225 454 247 241 74 392 142 103 130 154 230 15 499 22 350 112 24 445 19 69 377 273 109 200 352 98 55 97 292 271 439 231 16 479 405 248 305 394 70 119 27 279 70 176 34 181 318 280 158 9 304 334 162 243 107 450 355 479 107 431 209 26 384 361 86 156 422 291 47 459 472 347 312 34 36 386 493 268 167 15 157 432 479 460 434 291 84 165 223 135 463 104 350 410 438 
31 51 390 99 214 460 151 221 139 377 206 278 362 263 429 122 67 110 136 13 447 425 328 51 120 74 96 134 62 94 50 486 15 369 467 120 240 377 140 335 251 30 495 114 124 305 27 33 98 302 152 95 282 79 473 489 128 249 45 118 282 284 122 497 426 461 255 216 216 159 44 444 299 112 99 176 28 406 40 403 295 247 494 481 448 309 201 358 84 271 405 128 190 31 184 73 40 376 377 384 
161 52 195 207 432 111 367 473 447 454 280 193 254 185 143 260 179 353 54 286 81 210 196 284 195 189 65 287 411 279 73 320 95 204 390 452 331 234 67 188 370 127 27 245 150 257 94 433 197 193 360 323 437 339 205 406 404 423 11 115 451 401 193 233 139 460 239 206 280 40 192 386 101 380 325 347 435 487 115 367 462 212 216 227 264 364 171 125 345 445 26 45 313 284 449 445 328 28 376 25 
399 304 312 273 43 492 382 55 323 225 35 124 441 409 110 189 357 478 138 351 195 406 158 134 83 257 140 451 448 369 112 287 400 205 248 144 29 49 68 242 342 448 408 376 180 283 384 436 270 471 308 167 176 470 24 486 61 176 20 419 22 360 176 228 443 270 294 13 252 119 85 93 187 356 280 432 201 360 362 150 52 498 328 287 226 165 74 459 250 186 211 51 101 200 466 186 373 123 388 479 
21 288 182 128 199 135 96 409 16 326 238 137 428 356 128 18 176 240 255 284 176 354 194 385 215 155 186 485 100 267 310 112 109 461 474 412 191 220 40 102 230 122 193 346 209 192 241 240 442 111 21 416 55 189 479 487 336 276 217 444 267 66 438 352 84 283 68 51 277 365 186 454 27 148 108 351 336 447 471 451 417 25 333 88 119 375 329 435 226 373 23 426 440 363 494 436 146 128 279 277 
344 78 127 97 367 157 329 498 174 263 171 175 238 102 165 324 144 458 334 315 39 212 299 329 479 257 335 296 296 139 486 189 34 191 174 343 480 268 219 25 105 204 313 425 433 383 100 372 172 253 292 45 225 170 212 224 284 167 114 265 218 459 8 415 312 89 343 385 221 170 121 487 95 394 132 234 57 418 146 66 254 368 474 172 342 254 399 362 393 22 281 185 102 467 123 308 178 43 301 31 
108 57 223 67 330 60 353 185 445 102 429 361 268 129 300 118 291 64 373 166 439 333 265 488 155 257 395 150 185 200 81 492 171 409 175 222 95 404 200 391 249 281 182 428 446 246 68 227 268 444 39 48 272 386 361 258 191 276 73 207 256 279 98 192 82 270 188 289 489 277 167 239 459 495 262 453 195 10 90 167 212 416 206 492 273 321 67 329 204 96 132 252 45 108 303 314 65 453 65 429 
336 340 378 7 416 266 476 234 101 368 266 182 123 68 313 446 324 428 75 348 53 236 448 236 341 226 461 95 166 231 56 128 291 320 37 426 93 10 409 477 439 418 290 66 382 413 469 323 374 473 176 411 382 88 279 246 150 414 323 168 68 102 258 90 230 132 309 222 462 28 391 323 342 487 429 347 434 237 341 397 362 95 322 35 285 300 456 291 344 157 75 31 376 155 413 352 207 499 227 203 
320 235 200 219 93 101 241 205 300 356 320 64 418 393 280 218 159 173 370 328 308 220 285 496 6 185 346 341 230 210 212 288 345 478 52 110 473 100 440 432 156 434 398 418 248 380 142 144 433 154 142 79 390 178 340 228 409 312 241 214 317 341 270 164 441 459 289 120 214 191 14 415 134 22 51 471 185 345 136 138 243 215 57 354 37 176 102 107 73 374 449 271 132 382 132 50 350 351 28 158 
258 5 257 34 24 92 209 252 320 469 402 42 437 471 424 56 476 51 143 334 467 287 414 228 424 38 285 113 417 422 146 221 372 457 35 252 240 486 69 62 264 74 462 105 470 437 87 327 279 416 335 100 337 205 101 309 159 80 143 275 211 75 410 387 348 483 483 14 412 389 157 211 490 239 438 67 306 364 239 456 496 385 319 452 397 439 273 444 224 140 64 297 492 226 382 416 69 97 362 454 
237 167 352 112 328 281 12 258 257 208 302 47 163 71 61 190 408 22 300 428 154 101 312 124 269 314 281 26 371 215 259 99 154 400 145 258 229 474 66 273 120 182 30 420 340 254 299 494 221 348 305 400 18 35 144 35 270 325 291 118 329 430 322 106 188 41 196 387 478 318 416 343 112 499 244 285 323 302 285 49 170 128 459 221 31 428 278 14 149 199 193 456 225 63 180 379 250 43 203 431 
176 342 362 499 212 444 284 285 290 484 175 277 309 17 195 451 74 430 124 325 443 464 280 61 293 302 106 330 117 475 348 188 257 483 5 26 467 405 81 474 298 371 301 43 485 298 415 115 50 111 217 469 459 31 166 288 23 366 496 8 17 410 386 229 227 117 45 344 235 474 30 413 235 487 21 214 178 365 191 336 80 285 22 326 304 396 292 314 331 232 154 318 173 161 292 419 261 490 150 457 
222 199 199 294 300 13 353 419 170 20 435 69 290 42 179 312 13 345 403 102 459 238 118 492 239 7 373 143 150 444 466 160 421 137 438 340 30 177 207 77 275 167 221 457 185 232 391 109 145 480 344 72 484 271 495 288 242 438 256 363 492 147 421 73 230 273 130 311 371 337 150 174 359 180 291 141 86 120 55 79 140 25 137 207 392 355 71 436 41 9 73 491 317 456 59 237 195 326 335 418 
380 237 391 147 110 398 71 331 174 500 71 304 284 412 226 474 62 429 308 93 266 81 161 470 300 329 144 284 475 68 366 157 49 147 207 479 207 99 145 276 391 55 234 153 390 369 261 154 134 185 212 14 273 149 394 106 184 423 318 272 217 102 383 419 88 428 440 135 88 209 228 300 172 265 122 399 409 20 265 373 92 475 255 315 185 164 241 206 364 47 371 259 8 33 490 170 102 355 270 328 
436 329 364 361 185 433 117 20 460 451 208 120 474 336 88 287 170 363 315 37 316 407 151 469 432 33 215 423 348 261 137 283 416 122 396 151 282 488 377 124 292 162 253 448 340 312 384 230 307 409 466 475 243 67 292 184 102 400 115 277 32 215 99 111 128 284 40 83 454 489 107 314 183 391 107 323 252 265 253 239 44 489 160 98 284 157 256 58 40 347 99 8 110 353 461 176 233 77 375 113 
419 254 86 214 318 201 422 138 227 279 210 326 222 454 172 205 299 443 433 454 192 162 275 175 492 211 302 32 442 438 404 31 115 137 428 482 420 142 309 462 188 227 480 251 23 212 71 231 214 391 278 177 41 388 240 309 366 212 433 444 120 362 345 337 252 399 323 162 421 230 60 444 106 334 118 322 424 55 402 95 487 186 341 468 341 108 347 420 24 155 134 498 483 44 394 233 189 229 147 149 
199 77 366 179 320 218 124 447 237 246 416 289 253 192 361 192 71 412 193 233 138 117 173 423 208 432 134 18 34 129 468 236 446 442 143 336 114 374 51 93 220 481 102 68 397 365 230 73 422 69 67 345 157 322 231 95 271 352 140 11 329 97 250 363 151 281 114 404 160 36 403 231 181 319 225 315 212 86 424 109 44 125 85 250 120 303 341 372 95 411 124 366 235 37 484 295 445 228 33 477 
281 289 136 11 367 352 322 474 432 29 406 106 412 319 139 38 321 169 234 62 272 147 485 185 189 26 5 223 184 63 57 363 238 221 217 194 461 224 106 465 475 371 282 378 311 12 417 420 176 197 293 398 15 437 346 237 495 450 376 407 213 388 324 56 270 228 68 448 236 132 476 33 166 249 229 95 159 447 489 461 151 29 431 97 118 342 242 124 455 130 500 458 70 365 361 414 402 151 154 422 
238 417 493 207 205 339 31 168 463 453 384 374 446 174 120 290 146 65 182 140 237 164 253 329 10 497 343 272 384 345 246 417 300 35 147 350 485 407 84 443 327 294 216 395 107 396 294 444 151 382 491 352 415 301 359 288 497 470 31 56 169 404 272 299 203 64 266 460 9 445 126 19 241 362 92 399 436 400 355 191 429 148 496 87 476 137 272 163 56 409 418 291 13 74 356 15 381 28 278 458 
473 221 475 311 167 218 135 62 472 79 146 29 498 138 216 125 326 165 291 62 21 351 234 59 371 378 220 328 426 450 181 196 160 500 158 334 34 242 157 219 458 473 14 283 432 468 238 25 414 176 228 485 427 64 434 325 453 233 171 404 383 455 329 80 396 301 251 271 265 212 187 422 417 494 171 343 104 437 78 121 366 441 21 159 450 141 153 88 219 439 40 436 260 165 167 41 458 255 125 103 
407 129 51 326 428 42 263 342 134 141 161 263 249 247 488 412 192 259 435 224 447 92 384 59 155 228 362 82 45 411 439 278 155 194 151 312 124 341 304 244 13 258 200 459 423 441 462 104 116 203 231 374 8 461 33 12 117 93 470 415 490 104 147 309 129 104 66 289 363 318 423 49 63 435 326 169 394 406 154 334 368 131 206 477 232 444 462 499 254 17 285 88 449 281 261 71 451 327 162 447 
139 350 300 13 230 86 31 340 233 141 296 85 154 369 258 110 65 491 352 287 230 155 187 175 452 129 39 176 59 339 88 414 340 67 397 366 14 160 423 123 300 53 50 459 376 425 357 393 10 329 137 176 209 14 50 386 322 247 284 261 130 475 458 69 181 44 122 18 58 395 77 63 147 437 110 217 127 165 328 217 397 459 438 329 463 326 6 119 285 134 297 490 345 74 232 444 258 215 212 200 
169 395 334 474 303 296 133 337 228 187 161 462 219 214 419 365 215 361 135 12 478 225 491 59 126 182 127 367 218 43 364 69 98 243 96 54 316 404 61 167 439 26 58 28 288 406 94 127 33 14 300 396 34 115 490 485 204 35 359 85 123 41 229 300 18 241 310 128 416 311 492 93 430 311 286 233 247 266 146 333 269 464 49 448 293 449 135 76 376 454 338 129 217 241 59 113 131 71 246 260 
488 302 471 211 497 485 358 169 47 189 107 9 147 205 26 179 167 89 386 417 43 55 303 158 6 20 215 326 216 259 419 354 260 64 375 48 281 219 333 452 299 404 298 334 380 482 197 23 34 78 203 37 256 107 13 16 305 197 187 28 310 271 438 78 302 454 58 356 282 440 497 135 242 290 468 229 362 35 370 270 205 115 330 418 350 50 403 120 219 160 401 206 430 459 274 233 215 86 273 401 
110 422 130 286 276 366 153 393 373 67 262 452 450 422 140 359 470 488 338 467 82 167 173 366 357 75 92 133 257 78 243 133 42 368 92 286 184 152 48 219 279 111 193 296 487 61 192 414 252 222 191 313 210 490 415 331 301 11 40 243 354 260 129 399 378 12 426 137 322 260 272 425 270 380 492 247 267 450 375 346 332 463 330 463 465 157 223 151 176 67 8 237 48 470 233 229 71 217 34 190 
47 301 244 388 85 227 61 63 141 302 322 204 141 155 195 21 21 314 362 23 316 45 107 406 56 55 149 244 412 495 61 180 481 321 6 341 339 375 418 437 281 40 240 120 82 245 307 306 63 250 145 130 475 348 301 345 99 168 105 498 329 185 407 64 199 293 12 27 21 346 168 492 68 412 133 423 103 136 272 93 298 404 73 134 349 16 158 368 63 389 477 221 15 22 189 95 443 460 184 260 
497 196 302 336 447 401 189 433 213 316 278 334 447 12 159 92 54 139 217 306 6 221 293 449 386 32 163 236 284 25 195 269 334 253 290 495 182 66 437 229 85 485 77 417 184 293 165 310 450 328 364 172 30 168 74 132 256 405 406 418 430 355 147 308 472 389 356 82 92 173 254 206 255 127 329 178 224 181 461 448 311 258 204 449 221 381 296 303 349 400 300 380 286 49 373 299 100 298 421 261 
218 70 480 184 131 208 120 31 276 27 426 88 480 350 46 434 442 442 33 447 394 131 130 301 23 133 180 167 258 435 84 220 398 412 379 338 14 492 315 173 494 292 457 40 175 243 148 358 473 225 181 414 296 338 29 86 294 243 344 243 370 302 464 280 469 25 240 206 121 358 344 40 367 78 417 193 245 466 253 213 312 24 146 8 297 478 33 496 482 55 140 56 51 230 309 40 186 266 135 253 
241 466 431 55 365 374 102 312 97 284 306 345 485 423 319 51 332 250 360 15 72 217 131 167 117 187 186 429 76 341 64 171 98 372 129 138 302 15 142 409 25 365 434 315 175 236 399 490 271 324 173 240 192 395 202 236 250 374 366 115 244 344 42 88 129 452 489 29 98 473 330 218 123 351 339 453 437 290 60 444 49 254 151 88 297 385 277 352 210 271 35 379 350 66 438 213 319 410 266 15 
132 86 188 440 240 142 23 332 108 296 36 28 287 33 169 42 498 313 497 360 297 464 337 105 264 7 418 473 204 441 95 329 351 127 327 47 190 14 244 187 17 230 449 82 55 249 104 222 336 412 409 325 88 231 481 311 237 155 327 161 281 117 350 38 301 421 244 366 249 42 176 359 19 281 495 341 280 179 97 101 135 239 176 386 404 430 463 463 304 497 292 308 498 289 478 416 72 383 254 454 
232 276 259 57 344 425 465 250 383 238 339 77 234 273 488 97 91 173 462 25 465 138 375 435 384 206 66 340 33 342 370 37 114 232 344 222 287 144 25 376 109 77 386 101 399 421 68 130 324 489 149 187 353 468 49 382 256 300 121 485 47 225 261 435 79 201 357 204 168 287 125 56 329 247 337 265 302 73 61 257 42 110 70 93 364 10 402 250 434 318 131 56 226 232 461 123 152 110 142 415 
411 204 434 221 60 372 413 473 204 298 334 366 292 286 389 248 499 404 376 297 171 9 128 38 350 182 364 283 108 293 431 72 337 63 278 448 155 254 370 178 178 319 225 481 218 72 436 141 264 132 391 245 228 233 491 6 22 362 481 442 74 389 431 343 279 500 40 113 46 199 355 485 319 332 250 279 258 472 438 448 283 396 194 358 490 422 81 76 450 265 452 372 47 433 89 439 347 398 445 457 
168 395 215 70 107 25 44 465 288 172 18 177 61 135 486 148 128 24 432 92 115 227 68 113 78 295 121 152 325 41 413 24 226 364 335 253 156 324 362 15 421 54 39 295 141 299 495 66 458 444 111 61 108 247 473 280 487 29 440 19 398 148 189 223 272 111 321 499 151 77 285 437 206 271 326 386 85 119 233 67 366 493 218 352 373 71 293 178 406 308 109 448 469 24 47 38 394 251 158 393 
126 25 421 166 206 13 192 456 167 23 480 90 265 120 465 123 180 495 357 70 148 377 360 346 141 295 403 321 461 206 77 151 278 348 409 389 66 207 221 346 238 309 494 128 435 474 398 214 208 18 400 193 41 151 50 333 487 55 23 70 358 358 332 222 195 303 73 484 18 205 143 113 175 466 248 341 70 359 237 190 147 79 155 51 438 356 439 459 232 38 44 315 387 74 219 272 316 337 305 464 
262 476 102 242 29 275 303 372 443 53 334 438 49 129 56 105 315 154 306 346 307 498 352 260 453 68 338 117 486 435 67 383 69 335 204 372 109 23 58 395 295 497 492 42 116 475 334 225 276 215 54 338 386 102 390 89 290 286 26 483 111 106 486 275 463 336 206 418 222 84 66 458 48 469 233 91 400 191 437 199 389 345 413 260 76 210 200 174 142 40 136 50 343 145 339 290 85 220 398 146 
128 468 16 332 351 393 375 43 152 77 117 369 434 155 153 284 174 270 456 53 363 283 310 463 418 438 421 243 373 278 82 261 227 20 472 367 488 441 252 490 254 416 447 294 73 170 81 253 266 222 282 330 117 497 456 218 490 343 15 490 390 96 367 139 153 417 329 25 341 144 491 23 126 321 471 287 305 236 316 279 64 209 425 260 390 200 110 37 292 490 82 36 300 131 375 246 290 300 20 241 
237 179 121 251 396 52 182 307 185 50 157 78 276 113 363 493 284 475 277 430 500 126 127 18 75 334 345 370 216 180 341 119 340 179 218 304 164 420 26 383 229 200 287 59 422 131 183 152 259 410 187 236 170 54 368 102 53 312 225 141 137 325 482 393 77 127 31 451 134 211 397 187 177 186 375 29 486 379 393 447 118 261 190 11 67 329 332 422 350 187 409 334 329 91 55 222 18 327 151 400 
370 94 434 93 336 43 397 164 193 203 228 474 217 309 366 263 319 72 211 284 274 185 438 254 303 43 112 292 143 185 495 376 325 226 233 283 454 465 309 371 171 166 272 70 473 404 423 301 77 374 324 494 229 60 173 192 225 14 428 66 202 5 284 448 166 357 475 224 89 379 149 444 166 485 489 20 401 229 407 10 307 48 463 399 248 140 122 148 282 179 186 19 338 50 365 147 277 465 120 363 
66 100 426 379 444 77 387 272 386 172 476 155 65 291 166 143 352 154 89 177 398 193 271 458 33 171 54 478 324 275 143 307 387 28 406 194 429 19 391 289 283 109 281 418 19 94 464 148 444 120 186 427 254 281 98 388 114 220 346 385 445 174 235 202 323 416 53 137 42 398 455 84 206 373 259 60 197 467 67 451 490 47 495 329 191 10 362 24 352 104 342 377 463 405 499 350 230 68 77 129 
435 358 171 435 329 215 373 434 434 65 411 174 137 313 146 88 216 420 141 463 262 286 300 52 73 459 262 482 483 168 69 239 77 477 491 325 140 449 342 136 264 289 280 483 300 486 8 463 274 370 398 6 182 119 69 297 96 462 219 381 351 310 193 100 497 124 278 462 254 390 271 406 276 91 102 257 453 334 127 224 193 83 11 435 274 282 405 256 105 219 379 471 74 353 32 17 20 201 272 14 
385 85 289 468 63 385 241 238 315 50 259 471 90 16 259 50 139 468 142 128 264 110 482 99 315 464 470 466 328 66 391 137 269 378 66 158 47 198 389 462 243 252 147 215 251 89 164 41 146 461 444 482 11 328 20 327 12 146 362 148 482 124 71 364 179 291 448 314 45 189 295 356 76 12 367 462 315 305 316 380 420 250 286 485 80 74 376 382 298 246 21 233 459 412 178 456 263 306 472 111 
372 176 494 402 422 304 321 187 183 261 279 166 166 355 415 94 431 469 379 194 442 377 88 298 417 478 308 375 340 368 492 325 75 43 57 215 106 144 485 481 436 110 358 125 258 7 490 269 321 490 23 233 453 373 391 203 233 452 179 388 464 61 424 177 439 166 171 396 303 492 439 75 98 169 119 312 79 188 206 228 404 338 266 157 169 5 17 345 240 128 307 272 189 83 147 186 133 27 358 92 
15 139 190 58 151 100 124 33 325 33 32 254 282 493 480 407 483 477 252 186 394 383 29 89 241 35 325 158 484 71 490 456 362 414 113 245 257 422 40 168 476 307 321 109 247 193 500 110 197 10 93 307 482 101 225 402 364 221 485 18 100 113 449 388 193 47 336 54 139 317 148 227 90 80 326 332 398 311 319 299 164 355 389 362 54 217 430 280 500 345 231 30 476 255 313 157 172 164 13 170 
196 496 217 77 200 145 356 341 275 156 319 451 208 490 209 373 52 383 150 165 245 175 6 176 81 298 233 325 45 30 304 146 230 294 55 137 8 274 274 488 480 285 318 190 54 486 439 148 5 204 198 269 468 314 114 238 190 492 116 115 68 198 454 135 135 452 105 489 242 137 138 384 390 340 56 449 183 209 298 481 474 189 487 303 74 415 281 336 373 245 31 83 119 286 490 116 241 263 356 235 
7 15 275 412 90 311 268 186 380 34 496 378 406 404 115 173 448 430 392 219 9 17 467 399 393 463 249 412 51 400 292 345 329 376 373 284 414 203 189 28 99 268 112 65 473 312 285 408 227 38 282 252 284 418 266 172 332 22 28 118 92 125 215 276 438 98 333 349 37 169 102 396 241 64 346 5 65 34 21 46 92 153 118 50 473 53 272 224 352 95 43 341 178 455 159 337 277 490 103 161 
206 340 373 150 203 191 280 39 307 281 6 400 244 28 195 99 399 396 153 357 103 261 41 253 146 462 426 292 375 360 453 426 72 343 147 355 169 343 84 366 420 479 378 261 59 26 48 223 145 247 264 380 79 209 30 451 16 305 500 286 196 383 77 295 153 434 423 48 77 56 307 164 395 287 220 483 105 481 24 196 405 81 373 248 396 420 82 58 460 227 283 259 331 127 90 433 174 202 130 229 
431 110 248 389 130 153 386 400 393 131 281 184 254 385 91 309 179 168 113 465 255 421 39 156 273 300 26 205 249 223 39 146 313 270 96 180 57 235 458 201 273 15 184 33 414 493 210 247 447 88 479 162 327 456 472 317 319 229 306 59 466 414 395 96 388 103 68 230 449 357 129 231 186 29 385 264 10 27 106 126 234 124 89 61 133 231 480 248 360 285 274 495 244 305 221 156 257 271 331 415 
352 223 461 240 344 106 191 246 285 16 38 459 42 59 233 131 347 123 368 85 187 264 198 9 399 80 88 14 272 426 412 76 293 204 477 94 352 467 30 368 57 243 326 498 70 348 286 130 391 270 411 257 49 239 131 222 212 440 149 321 360 383 283 226 25 273 401 174 133 318 323 64 266 423 16 110 421 78 175 122 233 359 205 458 200 98 458 262 37 392 215 233 289 491 198 251 98 251 28 372 
461 34 112 117 185 328 250 177 275 149 367 210 386 125 70 200 52 475 494 231 462 210 150 108 251 37 30 441 483 311 448 372 132 59 328 24 214 407 495 462 82 460 84 205 217 358 323 51 267 292 270 215 45 85 198 442 74 26 482 429 385 85 385 447 413 391 343 336 137 206 365 324 302 487 337 246 221 294 359 126 10 290 381 201 446 160 43 150 290 299 453 459 281 5 187 439 318 321 81 347 
157 117 69 462 286 235 268 239 318 171 313 96 49 410 393 189 156 171 68 461 453 330 355 45 382 108 268 221 432 408 252 76 119 490 71 242 84 267 118 394 233 304 410 167 255 425 386 224 488 451 485 401 18 480 345 286 274 487 163 146 207 22 273 453 97 103 36 284 79 328 461 380 202 496 79 291 399 188 374 472 199 322 307 323 125 145 447 384 29 366 363 475 294 281 178 180 466 154 271 17 
216 388 406 275 433 370 244 380 29 5 66 304 146 357 287 467 15 301 292 193 187 194 19 365 212 423 379 217 314 17 45 103 476 221 486 491 469 179 139 415 373 143 346 342 150 190 91 138 190 151 227 25 221 225 77 345 226 383 285 415 138 340 221 430 464 203 148 408 428 453 318 473 287 104 25 492 337 379 417 80 281 180 415 213 30 128 325 44 69 330 194 49 424 64 63 99 171 46 125 449 
278 86 45 265 481 261 178 418 200 354 482 294 12 477 346 411 56 496 115 365 56 457 183 83 385 19 337 186 240 128 250 388 319 58 165 291 146 327 294 292 191 291 12 404 405 40 358 253 57 466 69 308 70 373 171 41 467 401 357 92 281 472 143 396 461 179 465 268 472 439 153 223 457 358 67 138 489 182 234 443 395 265 186 464 378 59 320 315 476 475 115 457 28 140 138 434 479 184 270 377 
