454 187 330 405 377 73 74 273 167 453 406 349 249 368 500 122 251 138 492 355 280 43 205 298 443 68 139 72 67 417 31 164 357 231 268 40 15 178 215 31 154 55 34 317 357 363 181 101 327 317 149 491 364 431 208 175 480 11 290 56 304 389 26 370 327 156 167 41 147 15 5 217 78 389 465 191 10 386 285 172 355 175 157 143 25 95 421 62 209 319 217 392 71 138 107 290 193 269 201 76 
212 39 52 123 185 194 345 434 262 416 429 129 283 242 371 30 71 280 251 459 481 282 390 93 213 81 400 361 5 479 170 207 108 480 198 296 470 254 366 477 326 102 265 160 98 330 293 44 106 102 283 260 323 345 254 195 136 331 202 458 274 292 244 188 69 327 328 321 235 177 178 147 146 293 277 379 204 124 125 70 271 429 52 464 368 117 252 419 295 423 380 94 177 495 319 497 237 18 410 27 
113 260 18 245 329 117 313 443 30 284 323 380 220 489 122 265 436 255 247 183 26 253 32 333 12 249 482 328 195 436 400 369 160 224 126 82 25 398 130 298 84 300 258 100 399 419 274 131 64 147 333 143 86 356 319 162 135 161 124 257 418 242 68 74 262 307 97 18 376 27 428 273 213 442 193 289 357 317 412 249 277 354 57 307 434 116 156 447 434 89 444 184 427 390 378 354 413 5 333 407 
73 221 397 414 286 326 27 153 441 225 388 283 225 186 424 125 204 403 472 209 272 123 156 237 375 406 303 231 488 441 80 439 368 488 420 378 5 473 428 117 315 257 398 349 385 494 123 289 38 140 425 209 14 410 187 494 127 429 364 170 383 36 318 215 378 323 418 248 300 201 222 190 7 114 45 274 197 193 497 105 53 335 38 387 39 444 198 74 91 55 138 109 144 55 387 167 228 330 482 118 
397 225 184 354 413 457 53 392 339 296 70 325 220 200 137 65 60 30 336 21 40 179 52 460 221 433 280 343 481 352 289 280 45 434 480 85 257 360 76 446 232 96 178 258 447 405 451 387 135 497 118 69 192 258 385 12 181 109 442 438 106 348 128 297 339 110 313 407 407 472 157 274 163 467 465 319 437 287 491 472 157 418 271 403 385 285 87 332 111 70 272 19 134 60 329 347 70 219 268 164 
105 500 266 155 371 232 423 143 34 351 7 256 182 379 449 376 151 495 391 66 201 438 256 372 377 435 206 195 338 30 158 390 224 331 201 236 130 39 452 187 206 425 464 290 488 35 315 431 293 229 365 371 339 304 451 41 454 204 480 488 376 330 479 114 37 16 358 423 181 304 335 65 351 90 160 105 218 444 23 378 51 499 160 151 441 272 125 447 12 95 189 402 273 321 195 481 270 148 182 463 
258 29 103 163 7 232 293 13 363 264 177 259 207 330 273 268 270 47 175 340 169 409 227 489 287 138 197 423 359 281 301 173 229 446 282 123 241 420 395 500 108 27 305 475 472 217 235 84 374 21 189 458 428 438 63 448 122 443 471 429 458 10 15 44 364 465 332 226 219 99 138 250 7 287 443 103 202 80 388 399 310 344 109 287 379 345 222 18 416 367 485 371 444 70 314 406 341 236 211 252 
286 471 256 459 150 330 349 29 420 111 177 151 246 258 356 489 310 286 412 427 463 458 176 362 28 148 211 175 29 87 90 61 208 452 472 384 221 281 292 332 102 400 407 105 368 439 447 200 162 192 106 232 253 216 331 233 384 352 450 208 263 399 162 467 41 371 6 162 403 270 223 351 315 270 185 68 342 330 57 301 145 186 14 480 173 164 431 282 163 403 407 290 295 464 41 33 49 479 322 35 
473 393 377 177 394 102 355 329 44 203 339 69 97 446 131 446 45 34 295 13 17 322 74 59 305 113 88 377 225 28 414 195 231 473 272 390 480 450 42 421 413 301 426 228 496 479 392 407 473 317 346 391 74 304 205 261 426 390 146 249 408 341 114 286 55 144 131 424 500 337 320 65 384 233 267 146 290 196 297 288 18 32 203 99 164 476 268 487 215 40 358 105 132 331 342 487 213 14 300 276 
59 207 483 348 290 43 248 321 62 77 47 57 379 454 490 413 215 347 480 190 447 444 482 32 92 444 408 42 64 364 171 229 99 458 449 170 191 449 63 301 14 329 441 461 127 444 428 378 119 339 225 113 278 279 416 469 444 90 93 312 339 247 279 64 54 125 118 492 360 107 475 382 77 264 310 244 408 237 485 5 475 322 31 211 490 123 467 219 316 112 305 101 259 194 193 63 357 67 71 72 
141 458 126 171 342 21 130 227 494 122 361 322 315 314 423 401 254 204 192 372 468 160 155 15 352 164 482 480 23 488 32 159 80 269 388 112 198 204 11 442 471 490 313 212 35 494 126 281 145 341 125 416 116 477 395 335 74 164 206 18 52 259 292 112 360 121 173 334 249 202 9 77 86 91 34 143 340 25 232 76 421 457 314 59 68 126 399 302 126 168 257 16 245 104 239 412 391 425 493 111 
275 69 442 329 420 467 219 353 231 339 236 272 63 382 95 17 79 465 130 150 253 102 67 471 239 417 268 278 281 431 29 379 397 344 118 208 58 164 121 115 309 458 405 307 41 241 45 379 37 13 248 135 37 400 297 459 256 372 485 137 274 335 446 473 299 275 381 444 20 457 128 216 498 221 207 77 20 415 57 324 272 91 262 342 437 449 86 195 413 76 57 153 133 333 43 142 172 434 65 473 
345 155 114 28 184 468 165 185 45 121 281 241 10 248 65 210 75 471 223 225 350 6 318 259 137 332 368 423 136 440 491 114 390 118 397 270 403 288 350 391 50 137 387 241 115 66 64 31 236 273 470 291 102 30 125 212 128 101 130 285 27 148 198 484 283 298 111 373 431 33 238 138 169 36 336 476 306 333 448 89 39 176 471 91 468 390 414 450 182 183 46 459 166 96 57 330 420 415 377 460 
72 333 89 193 323 439 15 302 479 142 270 411 374 355 156 475 235 138 333 249 171 79 283 165 221 407 235 141 262 499 438 25 246 463 374 54 289 39 216 376 18 243 344 189 31 380 145 299 335 373 283 220 440 259 290 274 131 395 402 62 414 215 364 367 471 280 370 304 321 489 132 62 85 424 187 12 166 28 433 273 29 308 71 487 185 341 353 473 482 389 71 440 321 172 71 403 310 66 143 254 
257 498 224 479 339 82 435 400 386 414 403 118 407 69 445 279 7 426 199 230 261 451 475 312 367 29 343 110 252 95 477 310 104 42 225 80 377 219 16 129 216 21 279 91 27 459 484 108 441 338 426 178 276 283 360 412 405 166 327 402 232 354 305 446 451 439 361 148 454 307 85 113 298 40 200 367 424 79 33 341 303 227 193 233 188 193 131 402 419 320 43 409 170 25 335 186 245 487 465 272 
385 313 306 40 51 318 435 420 472 116 226 441 353 235 136 236 277 135 436 105 390 256 377 24 186 170 156 178 242 498 279 468 307 19 466 30 109 347 360 398 404 108 376 420 477 448 383 180 358 109 297 93 211 53 63 360 410 245 7 496 298 28 188 39 446 85 445 134 303 384 493 110 424 437 326 475 148 349 375 198 240 230 393 230 178 279 272 185 103 393 96 114 248 378 158 494 139 316 113 500 
106 197 297 289 490 432 375 472 474 396 350 111 253 122 275 95 449 405 400 330 157 155 314 52 498 120 113 231 436 415 460 123 172 172 457 177 270 202 88 59 233 391 103 10 466 294 51 310 491 331 354 373 449 245 174 247 69 490 228 88 321 438 182 175 261 7 120 156 244 223 278 132 218 379 318 114 441 297 164 268 299 255 362 318 43 423 202 94 153 469 299 73 143 59 492 339 185 353 17 77 
232 444 473 170 400 394 472 17 193 496 162 311 412 59 145 102 156 382 216 349 134 339 196 336 16 217 210 227 279 452 429 196 83 143 96 199 179 208 445 183 444 383 430 447 358 443 337 405 131 25 153 150 381 341 181 68 260 178 331 496 404 380 13 141 156 120 318 374 332 53 217 475 74 55 433 474 290 412 91 112 179 381 336 416 292 148 141 153 484 242 369 56 158 68 408 162 315 276 392 119 
223 443 60 406 433 128 439 500 285 49 242 73 292 344 403 204 221 227 495 298 117 376 50 99 178 431 349 412 483 188 484 86 264 438 304 163 187 363 291 309 318 279 158 275 297 361 412 285 398 172 363 131 452 106 11 336 9 126 322 93 192 37 243 165 297 435 6 435 345 318 195 68 185 498 333 13 76 151 415 132 112 275 346 242 485 414 148 338 449 42 6 171 160 154 45 329 256 389 221 461 
282 68 424 53 91 178 130 479 200 85 115 73 253 76 472 396 210 327 241 370 101 328 337 173 384 311 329 331 25 51 49 28 403 61 462 73 136 13 217 140 18 171 265 157 121 86 431 244 455 338 376 30 334 75 356 110 344 233 7 486 70 249 32 108 95 440 157 175 33 445 268 151 110 166 453 124 361 444 258 155 77 279 40 475 61 396 444 152 265 433 465 269 348 500 126 225 294 380 441 258 
281 116 416 178 255 27 67 387 26 447 102 259 88 236 87 176 278 334 238 39 164 368 59 145 45 329 29 152 225 82 201 368 41 53 338 55 324 379 244 319 275 378 381 22 397 228 35 361 318 308 85 79 203 421 277 423 112 15 67 171 237 84 310 94 259 92 312 221 355 295 327 122 370 384 32 318 333 459 452 72 321 366 36 448 254 389 102 46 86 67 419 358 249 93 62 133 489 67 47 482 
174 470 13 315 337 449 420 433 459 375 148 353 67 7 46 192 255 302 479 454 380 31 270 333 193 298 27 322 364 274 361 201 310 431 16 394 469 44 395 228 291 7 106 141 244 70 331 110 336 453 404 150 483 175 268 374 316 499 451 108 369 66 80 85 334 168 362 432 494 334 413 27 15 399 410 224 421 415 491 98 195 46 282 226 48 153 88 155 372 429 263 493 191 40 103 190 130 35 54 368 
158 87 186 44 196 462 407 232 21 372 286 35 279 185 160 456 180 26 117 430 385 215 62 319 114 96 49 40 323 50 417 255 417 187 156 256 411 474 25 423 401 156 410 393 115 56 20 116 130 353 265 117 369 479 111 487 453 366 463 11 72 60 247 251 263 303 156 391 38 184 80 336 227 333 360 439 254 324 195 357 454 405 490 258 297 496 367 490 294 319 443 315 310 421 493 93 440 315 429 378 
135 201 289 296 151 288 129 83 337 369 367 393 240 490 442 462 90 402 333 40 214 192 424 111 433 279 219 152 121 254 390 347 14 31 107 438 124 381 195 274 371 362 293 268 192 418 37 423 68 294 37 352 443 55 429 419 5 50 386 290 25 109 220 451 106 398 158 436 67 183 434 401 118 484 313 289 469 421 287 232 346 236 154 247 279 219 290 27 313 338 409 43 73 193 183 415 284 238 161 209 
67 234 427 384 107 54 214 399 213 15 19 134 33 8 312 8 109 391 143 101 215 413 237 298 439 175 341 116 233 111 279 302 436 414 219 415 439 376 469 101 299 351 170 123 99 159 25 468 407 192 9 427 432 475 426 196 8 444 265 11 361 37 119 441 163 390 422 138 499 42 14 438 375 155 106 35 159 492 487 348 12 333 248 174 347 465 75 258 243 291 324 21 5 433 449 208 324 353 453 235 
451 45 243 200 149 251 259 150 147 320 394 85 360 385 259 401 22 460 100 447 336 30 235 387 286 85 60 356 361 18 98 261 441 152 159 266 172 342 139 358 371 273 57 140 85 361 355 238 290 247 215 245 342 84 471 193 99 80 365 21 111 469 31 443 389 175 456 239 65 111 183 72 429 326 70 378 247 218 430 191 392 298 114 205 220 325 377 169 201 252 429 457 42 401 40 99 454 449 15 313 
480 115 85 161 353 244 71 393 443 146 98 212 323 391 288 76 320 129 129 484 282 6 176 169 353 312 54 106 143 190 94 297 216 186 244 182 251 438 339 316 450 402 34 227 242 166 242 153 125 375 70 106 319 391 453 416 417 349 216 284 383 194 358 236 153 115 441 466 294 357 37 72 429 25 439 149 489 332 439 351 166 489 269 476 418 474 146 233 141 55 412 164 306 236 456 40 155 310 360 416 
296 172 77 32 141 157 152 408 373 347 421 11 407 269 465 181 372 21 245 133 304 442 5 219 257 329 142 5 153 187 294 454 405 40 434 216 205 16 204 124 196 201 109 15 206 347 76 124 367 122 136 20 469 177 497 437 210 36 311 200 46 76 481 127 114 400 439 103 172 111 436 328 292 51 247 265 136 393 460 204 136 367 50 21 224 150 448 290 222 77 173 264 272 73 176 473 462 423 391 224 
392 308 144 339 372 7 458 408 134 25 178 232 351 141 110 52 159 145 30 202 211 242 142 473 77 92 355 139 307 314 407 312 306 180 452 174 422 340 82 180 116 242 412 285 11 265 132 105 452 6 323 27 38 355 306 145 64 77 148 365 36 385 46 249 9 284 275 33 115 480 269 295 243 79 467 328 446 398 444 118 238 374 148 474 82 466 300 45 487 16 23 473 469 6 258 116 458 91 357 115 
416 178 263 159 128 234 78 253 451 106 51 491 270 179 303 456 453 44 456 239 401 156 134 359 204 401 27 405 196 227 237 130 162 488 314 176 216 281 415 345 455 379 96 69 289 192 117 218 42 247 175 293 412 244 113 329 444 128 305 22 128 171 255 37 377 171 365 406 424 410 469 62 147 257 339 399 347 194 393 18 421 130 474 179 457 348 237 129 76 322 205 350 105 289 132 22 52 192 411 499 
232 396 265 171 178 277 174 367 437 79 194 354 463 148 262 181 139 179 273 259 356 190 141 187 9 449 240 410 204 179 124 45 144 13 157 26 9 323 290 335 361 304 327 25 173 227 453 494 228 475 252 411 76 262 170 167 316 54 29 292 437 269 137 186 139 434 245 70 456 24 282 31 218 466 491 278 461 214 87 91 109 436 461 333 79 289 23 221 244 86 23 192 132 104 461 386 495 276 346 308 
152 278 494 19 136 329 344 415 5 354 19 207 429 10 427 47 377 375 86 157 471 340 118 494 381 50 274 93 388 340 415 21 192 327 236 48 22 191 389 365 66 124 328 445 278 491 387 463 392 36 395 410 373 369 254 371 153 327 299 462 173 161 49 492 302 478 452 333 93 466 353 223 68 56 444 302 272 33 163 129 210 258 257 110 102 203 455 40 37 271 195 163 335 146 268 146 239 304 128 182 
130 63 180 386 156 107 465 205 174 284 360 137 68 118 129 163 287 310 337 182 435 361 55 411 356 210 277 245 454 17 231 253 378 196 173 404 253 6 270 223 495 444 87 209 466 51 342 177 484 102 267 197 314 147 143 357 157 86 109 498 471 169 81 14 319 14 133 19 237 204 167 86 28 262 319 165 8 497 475 301 153 352 470 490 450 345 136 57 116 28 150 77 342 458 469 22 397 76 98 116 
109 426 55 59 294 264 379 269 390 410 380 345 449 375 462 221 402 153 337 385 205 452 190 142 89 209 464 349 474 498 395 11 140 408 35 452 410 149 469 389 475 388 358 395 417 198 160 67 381 86 185 161 292 80 256 271 171 391 319 208 329 302 154 147 116 104 424 9 205 6 362 42 433 224 356 484 198 10 298 352 346 378 222 483 113 216 36 192 423 229 389 447 50 49 36 12 381 192 227 142 
314 30 407 409 372 36 412 318 147 361 376 193 245 141 220 22 141 146 36 474 72 13 93 442 476 269 71 465 202 155 89 445 370 465 378 96 337 352 482 182 347 83 308 38 266 37 496 195 115 117 181 409 149 336 288 36 141 328 182 239 381 483 430 131 170 288 207 489 391 126 114 437 37 298 499 174 54 272 101 184 273 101 320 360 188 425 496 198 470 438 372 208 24 115 426 238 322 149 62 179 
302 485 8 161 155 312 28 112 373 477 217 357 173 155 448 404 208 338 350 416 324 449 262 373 58 480 344 306 343 66 450 196 270 282 475 68 159 215 140 397 123 20 498 8 484 121 223 448 451 336 161 295 398 38 105 227 76 208 377 298 176 165 247 463 435 246 459 308 173 153 218 400 277 29 432 19 431 492 145 267 281 342 144 415 316 40 103 17 474 471 137 19 483 131 472 221 178 219 101 378 
474 288 345 98 424 368 220 236 189 30 379 218 122 271 283 187 251 492 409 231 64 489 298 346 218 282 43 408 226 446 135 101 458 352 183 203 338 340 413 269 443 378 242 9 114 236 105 468 161 20 68 235 259 411 84 120 406 129 401 137 356 219 15 218 413 25 88 179 454 132 191 386 353 319 407 217 438 7 286 181 402 351 379 410 37 183 190 331 111 320 420 242 19 411 90 472 83 277 353 35 
217 248 358 106 322 251 441 491 456 486 479 111 248 219 488 277 495 25 461 320 265 117 113 342 495 375 51 478 119 306 364 85 387 179 396 28 121 254 386 378 497 176 18 325 208 32 295 55 195 175 465 276 212 391 133 344 455 221 156 315 397 168 357 49 166 440 372 365 158 452 178 360 432 29 138 248 50 114 498 470 214 454 13 158 300 273 285 95 116 44 194 367 360 262 85 92 110 408 406 495 
50 232 443 399 7 391 437 56 232 427 489 108 300 98 325 34 335 123 458 458 25 167 181 244 125 294 213 303 205 460 219 346 394 260 418 240 200 333 139 274 476 112 213 265 479 359 157 324 397 198 419 283 275 210 14 476 459 479 311 224 435 170 417 161 180 454 112 179 173 413 150 333 60 432 132 207 381 149 73 490 363 392 259 22 59 108 250 378 236 377 263 114 445 498 429 163 349 12 126 133 
338 204 205 185 110 241 442 316 208 93 390 195 251 266 417 346 130 5 248 484 156 271 406 465 175 136 124 331 487 260 196 67 439 442 375 148 219 233 157 162 172 301 401 212 468 466 96 95 79 68 479 75 246 126 406 65 367 474 193 490 192 318 246 205 498 311 230 281 288 483 154 317 118 169 355 253 467 246 122 251 123 297 53 210 246 28 362 110 196 328 130 462 445 18 456 144 233 393 293 265 
131 48 242 270 48 407 482 232 322 124 430 408 440 180 269 21 257 416 182 39 359 156 122 21 262 46 329 105 497 180 267 361 5 397 337 366 43 43 146 150 357 33 490 217 399 228 88 196 103 321 137 385 32 252 357 388 93 121 467 83 388 429 460 70 477 202 284 453 182 175 286 58 247 192 281 458 372 68 60 238 401 90 158 118 488 427 258 435 26 380 338 142 19 172 354 480 394 390 19 390 
371 461 28 160 44 335 410 10 441 79 297 65 202 273 209 191 170 321 285 80 425 195 485 149 192 375 430 296 237 258 44 318 494 497 34 59 349 215 38 28 329 431 155 361 431 361 6 478 493 93 77 71 324 329 219 319 152 74 460 234 172 133 151 331 20 420 127 170 202 5 406 272 296 255 262 232 286 34 387 46 251 70 406 330 270 138 204 278 201 373 298 240 22 197 479 105 333 373 155 179 
376 189 357 96 169 204 114 185 156 29 349 373 271 191 129 232 27 227 457 91 299 116 76 382 74 12 253 93 29 172 224 406 321 140 317 422 480 469 196 9 132 35 339 493 336 72 21 475 86 481 90 359 250 450 317 279 482 376 129 419 363 278 417 155 289 415 366 262 464 264 358 39 451 281 115 122 160 248 398 321 220 461 262 217 464 415 406 190 260 36 452 190 206 461 416 79 230 73 482 467 
425 79 144 305 202 165 327 303 257 303 327 499 87 401 463 274 148 204 335 38 115 238 112 74 429 270 103 193 16 198 84 327 190 114 237 150 108 476 82 175 417 115 235 175 331 448 344 372 134 272 438 427 395 69 120 459 195 187 249 82 270 231 496 441 239 309 391 175 44 91 165 396 265 475 309 151 239 172 135 105 287 477 209 139 136 174 451 13 266 119 489 359 335 494 254 52 40 376 30 415 
377 420 253 434 72 42 214 397 60 189 423 17 151 464 160 183 39 458 206 299 450 268 342 239 155 53 356 137 238 191 415 419 223 229 437 67 132 319 498 403 229 215 308 117 440 281 247 457 467 481 445 58 459 132 383 89 207 246 187 219 255 395 152 452 425 110 232 136 355 465 114 165 410 85 488 97 57 380 359 406 163 490 123 484 416 291 488 78 324 82 297 470 493 129 41 476 238 10 82 325 
293 173 291 88 416 10 391 114 157 164 154 71 386 301 239 386 230 137 428 129 183 437 240 110 12 389 333 284 208 57 478 410 189 342 498 477 196 455 474 438 200 20 277 166 264 271 397 164 309 69 132 380 136 121 434 134 374 168 148 439 215 441 35 204 249 150 309 452 237 362 313 134 335 395 214 196 75 227 206 40 104 172 258 307 292 262 375 49 456 258 291 202 92 278 62 56 378 47 269 80 
50 371 374 340 77 57 493 298 172 293 420 416 129 422 63 197 499 217 299 489 410 246 415 92 454 273 221 151 429 51 60 356 208 72 434 332 270 29 463 311 450 330 126 110 186 5 313 427 303 137 435 442 106 122 470 242 371 248 348 218 213 393 7 262 9 428 434 72 443 444 427 291 150 16 248 323 260 449 237 119 273 485 326 198 384 206 116 466 279 124 134 374 333 19 445 408 74 47 289 461 
498 431 337 85 391 262 476 62 133 406 454 216 391 292 75 497 201 33 159 492 285 202 376 58 292 324 166 315 48 327 328 332 196 138 231 74 190 105 73 140 148 232 441 487 390 136 119 121 254 458 331 143 15 239 189 38 121 116 189 69 210 34 50 51 39 265 209 236 26 471 432 24 150 221 383 374 380 374 337 362 252 214 24 393 240 337 15 96 401 482 390 483 436 145 264 326 57 166 289 176 
153 269 328 338 78 183 271 178 322 291 94 422 395 462 132 102 386 449 381 31 55 110 472 265 206 121 60 25 353 330 40 45 212 270 411 20 39 276 83 76 121 226 198 411 470 328 488 20 120 490 22 167 214 328 287 104 396 284 376 236 407 162 441 338 275 378 315 156 239 47 336 299 279 223 101 142 280 174 260 238 424 45 355 282 348 289 235 447 289 181 478 360 168 192 437 371 119 254 316 382 
7 443 418 323 178 135 159 145 34 376 74 293 474 82 378 61 103 292 5 286 109 480 254 487 464 453 24 365 418 98 202 104 191 300 294 423 367 500 348 267 293 130 421 54 147 356 183 60 113 273 91 115 166 436 34 238 296 451 81 303 408 38 464 28 165 413 258 343 273 398 272 211 318 181 225 207 95 32 125 228 500 139 413 110 387 57 159 5 429 21 440 409 205 37 200 327 382 347 398 351 
182 345 189 35 351 55 380 317 201 446 452 129 182 125 67 180 238 444 218 112 164 431 231 185 432 374 240 407 184 382 343 277 382 102 278 127 327 285 228 458 116 57 143 56 448 349 56 441 292 23 397 395 60 139 184 217 188 348 296 294 187 431 412 38 457 157 431 151 326 407 461 195 202 37 397 28 86 192 423 189 494 310 7 355 203 344 464 349 84 75 353 485 443 477 44 73 162 26 312 114 
362 447 355 289 402 36 198 415 372 346 102 493 318 131 253 451 488 332 380 69 243 402 481 122 111 72 56 492 119 295 230 15 232 130 243 492 444 290 305 247 342 285 499 112 29 135 136 84 262 153 472 17 394 177 107 308 448 218 353 244 381 208 384 389 210 182 144 366 202 117 189 341 348 476 258 179 50 245 407 99 30 402 39 278 188 422 358 456 52 177 473 130 89 90 71 63 162 125 365 41 
170 256 172 480 222 49 404 30 201 319 135 398 72 284 102 131 164 403 499 66 221 287 209 107 437 468 293 459 451 429 105 500 396 150 385 241 473 261 62 191 325 395 52 392 387 263 70 492 45 25 390 280 293 278 150 450 484 387 377 78 471 189 169 463 304 453 352 199 368 87 222 402 336 367 274 436 263 41 223 45 107 446 486 189 106 163 79 305 280 100 445 59 116 165 30 215 207 403 12 303 
387 158 167 311 55 399 278 55 406 16 87 153 409 424 338 59 11 475 208 66 169 230 335 112 70 228 463 227 372 78 294 120 242 343 118 96 124 143 234 154 50 251 292 236 44 377 55 80 68 54 171 347 486 306 224 455 325 81 275 288 176 31 138 159 35 165 388 13 347 383 481 363 319 444 355 364 186 371 269 46 340 183 366 190 365 193 441 167 401 312 296 395 416 275 291 143 117 390 88 301 
337 467 425 232 58 192 220 215 273 241 238 309 452 466 288 23 79 150 85 237 254 224 420 116 277 494 224 472 231 143 295 425 201 70 12 457 363 87 117 73 19 331 324 120 454 331 217 27 181 30 287 133 76 83 105 161 221 245 436 110 53 143 215 146 179 307 142 283 90 500 103 58 420 102 51 22 327 369 312 315 432 344 266 312 266 298 210 270 378 195 281 488 293 121 232 37 382 219 225 248 
413 443 463 288 388 487 304 439 124 26 194 88 279 389 78 366 310 27 390 413 162 140 354 111 408 237 453 458 120 370 41 17 380 154 141 409 479 415 232 458 171 394 204 162 465 272 330 360 293 29 242 252 407 250 436 87 318 305 381 493 397 441 34 468 162 269 12 256 7 320 444 370 284 142 192 254 409 470 23 316 425 389 268 146 8 99 338 464 472 368 156 334 140 444 461 141 255 229 415 82 
117 42 135 411 151 220 376 186 169 312 276 120 7 134 332 306 250 469 133 388 181 153 39 288 337 246 267 179 453 359 231 369 87 251 181 91 361 409 102 220 39 129 320 313 482 72 373 288 115 213 78 360 488 451 499 224 19 234 496 285 190 389 492 305 487 37 186 446 383 403 344 402 380 80 230 104 251 76 330 241 452 461 167 177 323 402 23 144 419 54 76 290 306 385 183 487 13 173 405 171 
320 205 200 256 390 407 88 419 192 94 204 14 401 214 327 422 102 400 255 402 203 450 27 489 371 105 126 198 166 370 289 150 260 496 404 443 263 166 381 166 54 95 282 196 229 250 112 110 461 405 298 115 161 7 364 350 169 381 190 167 263 413 290 417 7 171 67 315 393 218 416 446 471 399 431 187 277 318 391 441 205 291 51 456 92 122 352 411 275 66 452 278 132 250 306 62 198 79 85 93 
390 484 298 166 112 316 120 307 263 111 122 15 260 153 304 224 354 482 291 292 140 478 158 108 192 26 250 34 108 113 289 424 153 400 192 116 167 275 330 145 110 77 237 414 186 14 221 182 370 367 174 95 173 106 398 369 90 252 292 48 186 391 285 140 484 56 25 140 192 207 442 173 142 470 352 39 281 450 185 394 122 71 121 282 476 232 179 302 104 113 407 91 455 447 307 468 73 164 336 47 
473 98 149 316 320 92 229 398 317 134 293 166 13 155 411 165 94 306 163 76 47 176 72 455 204 408 189 442 466 10 79 209 75 470 453 145 368 78 70 207 226 495 440 74 268 387 222 424 459 149 295 91 64 151 80 491 487 437 165 198 119 482 101 113 70 479 419 398 441 228 111 477 488 151 376 137 421 440 177 365 99 336 354 258 294 136 254 47 328 68 139 245 485 48 11 329 334 278 213 482 
60 122 492 339 145 50 17 343 220 391 31 58 476 346 303 428 415 484 60 17 415 134 167 30 484 474 333 307 37 124 437 493 72 348 203 204 280 236 419 398 132 26 190 91 96 331 243 128 75 124 411 248 5 40 271 454 200 70 467 163 296 337 172 310 185 369 457 270 168 274 133 113 361 493 376 142 45 224 367 183 82 113 497 492 182 420 109 95 89 237 372 302 416 357 389 92 5 239 405 253 
399 332 226 126 109 376 344 423 293 206 223 344 107 243 195 475 212 194 372 380 245 377 108 331 300 99 336 194 97 86 293 401 339 396 250 353 177 199 438 10 135 297 212 312 147 93 377 280 178 8 496 373 450 208 321 147 284 171 364 86 470 47 218 195 408 70 108 439 401 447 415 411 256 74 268 319 446 397 308 76 391 385 68 85 331 48 307 239 69 283 249 359 185 69 55 388 190 428 366 154 
118 138 490 87 315 44 500 6 441 60 160 322 187 350 433 157 245 171 452 118 324 352 452 63 435 293 192 495 212 352 260 359 256 387 486 430 129 162 435 59 90 156 174 33 108 434 39 370 293 269 74 420 299 417 45 454 239 440 174 215 96 15 122 81 438 147 485 362 205 18 451 68 249 96 11 350 50 178 330 253 140 301 138 98 154 117 55 247 332 392 274 192 111 149 90 160 448 197 208 95 
206 211 102 168 260 427 248 252 384 245 147 158 431 101 298 449 218 169 434 287 95 380 472 49 380 271 261 68 224 86 379 478 275 401 224 419 359 440 100 281 495 71 108 130 286 387 73 331 219 418 410 116 140 478 415 271 324 282 491 32 109 99 285 256 276 37 364 296 42 479 152 194 139 28 328 417 249 442 159 172 158 309 287 23 469 359 360 96 320 381 90 128 473 447 91 127 91 235 164 120 
468 233 482 176 202 464 164 334 178 376 449 40 386 10 371 321 352 117 301 343 171 499 438 28 125 442 348 171 286 463 10 161 222 227 188 247 112 495 126 40 430 276 187 325 281 203 176 336 40 386 364 124 104 329 400 442 288 416 217 323 308 224 496 320 437 292 197 116 356 297 358 400 87 164 188 173 268 174 262 14 302 15 465 278 362 264 436 57 466 221 300 269 443 137 20 491 267 49 470 264 
23 408 115 311 445 485 310 145 239 64 483 245 185 30 336 414 163 247 125 389 493 203 170 229 323 362 332 163 281 399 392 13 10 473 325 47 213 385 399 161 215 34 40 7 102 75 463 353 347 445 241 386 78 390 337 310 454 249 189 268 500 309 115 88 416 116 108 257 439 308 19 90 350 358 184 443 168 374 367 382 194 449 75 62 166 365 94 347 121 244 127 409 496 380 211 164 263 92 309 15 
446 317 156 375 21 409 153 161 45 234 214 111 208 358 7 423 336 117 352 452 232 428 27 168 197 156 487 414 259 364 488 246 438 48 237 69 219 417 76 58 175 372 255 38 407 365 343 35 357 126 281 40 487 332 443 139 99 292 210 134 12 450 456 406 373 70 96 167 417 304 55 310 481 118 311 205 205 237 30 359 425 487 302 318 356 288 307 254 170 467 34 65 447 397 472 406 304 85 480 125 
250 80 9 241 314 443 377 93 10 255 247 282 482 324 341 437 235 198 312 278 394 166 293 44 134 179 413 494 33 368 300 193 104 208 167 414 296 15 39 262 398 403 114 153 122 315 307 265 480 471 134 184 229 36 239 66 398 170 30 431 450 485 338 9 490 206 251 451 58 229 406 214 114 23 453 214 34 82 377 130 145 398 75 266 365 316 108 140 284 188 17 98 230 274 378 103 211 109 446 15 
276 211 174 79 338 91 132 250 255 421 396 258 32 277 434 270 449 335 141 9 406 92 467 314 247 442 148 72 211 151 204 343 160 59 377 406 107 414 129 25 204 459 395 487 112 138 150 366 128 403 467 52 212 491 440 212 226 205 182 454 54 351 116 68 223 467 38 483 458 449 54 451 87 77 79 498 223 219 33 277 477 487 140 214 396 110 153 280 269 294 312 330 222 49 19 144 153 403 234 381 
18 440 378 147 246 449 302 449 163 219 20 452 463 336 312 412 126 317 489 474 33 153 384 407 60 103 205 397 271 457 251 311 124 168 430 61 285 27 80 222 409 473 343 343 247 396 372 125 98 182 93 334 422 165 302 32 277 55 182 181 371 306 92 144 264 333 307 34 379 442 113 439 240 304 465 292 134 144 135 61 68 470 135 199 45 91 26 417 326 220 224 21 397 461 103 318 334 320 89 474 
373 372 425 85 275 436 408 452 255 436 399 375 259 413 319 92 444 40 69 303 38 68 112 166 163 389 217 363 286 114 347 64 207 143 213 346 56 373 83 25 9 231 128 429 143 78 14 466 106 53 123 421 313 394 69 283 285 435 146 359 328 383 53 306 114 398 174 447 16 60 475 442 193 302 451 6 378 138 301 491 273 122 261 230 327 497 158 333 211 372 303 389 492 430 90 373 491 52 295 149 
403 85 488 470 251 125 44 157 200 115 493 156 23 188 462 127 293 336 359 308 379 126 376 387 24 386 442 26 485 134 492 397 397 207 173 290 320 200 170 113 374 82 146 46 353 402 487 403 217 9 335 264 244 259 75 375 81 54 86 371 465 469 466 283 273 269 142 471 72 107 268 273 82 132 469 398 23 273 161 271 330 48 29 376 372 47 119 290 298 426 330 141 451 299 389 287 418 414 34 358 
271 54 136 469 354 399 217 361 218 177 101 409 313 136 326 327 209 182 457 139 90 52 330 13 403 23 340 352 128 276 134 173 406 494 125 326 65 84 42 463 42 194 301 483 273 425 357 322 215 62 174 39 9 493 127 200 454 223 82 64 243 240 458 230 263 235 5 461 282 352 436 164 345 477 422 368 176 210 359 296 299 101 56 65 214 237 403 429 38 466 64 19 75 336 430 78 234 357 179 108 
397 76 112 34 134 165 444 277 396 188 258 78 264 344 32 25 44 474 304 429 448 398 476 88 246 461 218 186 27 81 216 339 442 237 116 283 181 308 443 184 395 21 45 68 233 201 74 218 131 233 89 291 18 114 65 88 236 67 342 383 27 227 28 389 25 352 169 223 480 218 108 172 465 171 47 426 264 91 18 11 46 426 113 226 349 487 437 405 209 124 303 46 212 82 354 102 124 262 424 238 
206 447 13 292 173 45 192 496 63 484 100 433 147 105 304 337 316 82 60 367 232 5 64 136 407 461 62 447 316 192 297 209 454 83 150 345 270 306 471 188 358 326 495 88 40 208 161 127 15 443 347 220 366 201 466 151 28 259 299 237 459 227 351 437 205 25 169 23 300 48 383 24 57 77 362 46 14 13 23 390 140 381 216 219 328 245 210 203 240 274 119 103 5 167 163 109 174 53 105 29 
152 476 367 454 453 367 359 201 206 352 411 34 180 437 423 222 415 329 137 476 361 158 380 363 488 456 222 365 289 58 298 321 232 307 381 264 451 128 31 195 135 168 220 12 424 32 495 157 38 467 317 225 261 38 297 390 68 163 208 353 475 84 45 67 364 129 235 12 208 402 173 71 35 459 366 340 285 211 100 487 375 481 448 313 407 163 301 223 92 89 493 342 231 273 291 111 317 135 373 208 
175 211 52 20 153 287 495 311 408 60 310 195 398 259 71 15 328 335 270 86 415 274 331 202 246 293 419 117 176 345 110 213 344 72 370 11 141 50 228 329 54 489 113 228 226 289 218 293 328 288 81 47 348 303 498 113 131 339 375 133 294 91 77 82 478 165 307 184 28 231 401 263 257 199 245 79 63 390 248 500 95 485 264 315 48 469 216 131 385 351 339 312 299 71 314 430 348 128 323 472 
430 35 253 167 164 18 6 414 9 383 472 175 104 411 151 154 437 324 109 218 27 381 330 36 430 260 433 413 175 342 412 267 35 231 258 314 266 314 146 402 72 285 222 12 91 303 68 489 53 274 345 236 491 166 97 282 190 7 75 217 424 493 377 472 128 20 154 163 360 449 98 10 272 89 328 413 294 381 148 120 63 289 456 217 314 111 275 302 319 112 14 168 317 438 308 370 110 369 109 448 
204 24 99 215 140 50 443 218 165 37 137 106 474 351 416 75 470 183 33 138 181 173 121 86 16 158 498 227 101 484 141 231 84 229 402 261 281 333 86 268 73 78 56 132 197 321 288 39 169 269 257 349 451 318 137 149 237 80 252 348 241 493 387 236 63 448 240 123 92 457 242 476 37 440 281 334 107 43 262 30 105 84 405 422 356 120 258 482 257 145 110 17 408 444 59 441 24 393 24 438 
240 388 268 231 414 30 257 328 390 364 74 33 258 403 410 111 471 147 59 130 83 162 485 265 243 110 105 154 261 120 56 446 34 343 125 292 493 483 168 393 22 160 463 308 91 330 150 425 334 264 418 106 210 382 257 252 93 280 455 491 190 498 197 136 44 29 171 197 41 87 491 46 243 145 101 173 340 37 44 58 158 417 388 228 361 355 112 221 290 230 412 255 42 70 448 404 394 34 150 345 
87 402 368 105 106 411 75 238 362 303 335 128 313 436 474 378 459 56 31 186 151 169 63 415 295 100 403 249 246 167 150 466 452 52 155 41 378 46 9 222 368 378 41 268 130 205 283 99 490 489 484 273 262 250 405 320 230 86 234 253 497 296 163 53 405 331 454 46 456 71 323 70 386 244 416 304 241 205 149 385 160 5 408 85 15 130 5 223 433 364 336 494 331 356 402 183 437 273 62 388 
75 370 370 494 15 312 242 222 396 431 350 240 52 231 495 363 113 11 39 170 67 240 416 362 304 255 89 329 123 223 23 393 361 183 70 126 245 46 446 485 240 205 25 453 228 231 49 15 36 318 436 171 13 428 253 342 266 361 154 179 164 289 200 97 23 206 31 433 66 382 474 287 480 59 193 298 499 315 348 270 443 140 474 169 171 44 454 266 257 446 252 263 241 307 21 171 427 476 64 38 
12 408 292 123 460 454 481 46 231 39 5 413 281 220 130 100 142 101 304 77 471 177 179 491 340 341 447 344 389 119 246 59 116 165 405 55 422 334 34 454 358 298 277 212 114 305 176 186 285 241 426 101 68 407 276 355 73 391 329 285 127 31 418 167 146 321 69 346 298 331 485 481 75 133 469 318 481 133 136 114 142 353 283 359 19 377 248 360 145 264 72 79 26 458 272 357 144 76 427 493 
267 385 242 499 310 96 24 10 319 412 309 7 183 219 192 95 144 255 426 359 129 57 284 353 414 188 261 287 249 328 53 326 298 493 451 305 203 440 222 201 270 419 292 5 249 80 404 396 112 312 173 197 368 346 105 307 464 35 414 443 135 356 232 221 253 315 292 193 71 419 421 335 433 217 262 434 209 499 55 360 41 120 235 482 412 160 487 387 234 400 210 400 163 148 478 193 437 456 286 399 
376 397 119 49 394 348 141 350 78 276 19 77 65 65 52 69 449 71 25 394 283 243 305 206 372 129 366 403 80 329 88 313 327 221 51 231 109 178 489 235 249 256 368 388 364 352 414 159 141 246 459 44 226 445 343 22 385 41 188 231 37 419 67 148 120 229 70 284 453 98 435 187 112 197 380 319 231 497 287 343 481 181 474 195 238 476 266 370 76 226 284 467 462 85 174 317 118 259 267 453 
449 480 446 202 441 199 438 380 161 75 216 195 183 420 448 320 385 13 141 100 212 73 270 390 411 328 113 50 98 424 32 380 120 345 255 110 371 263 456 118 247 191 6 143 25 42 451 39 492 311 364 60 388 216 124 174 110 357 203 170 402 137 235 277 487 360 35 36 476 107 309 228 92 19 317 209 172 430 128 342 376 122 345 114 309 135 263 227 214 315 155 416 300 77 75 290 384 131 13 361 
289 51 466 87 216 311 300 187 417 494 256 289 77 68 321 29 467 89 425 293 381 354 314 63 189 210 255 103 86 91 432 142 215 459 264 365 400 446 139 202 174 83 320 156 87 260 73 38 307 123 432 426 322 397 14 417 404 150 121 471 123 106 154 497 365 443 53 37 168 404 5 301 168 488 59 25 137 129 483 207 161 433 400 266 144 471 242 414 149 446 403 475 183 297 349 475 208 144 374 420 
237 497 422 493 166 383 467 217 335 20 42 477 62 344 70 248 37 92 90 332 237 218 487 37 99 246 271 125 293 307 12 176 192 125 336 231 157 131 364 397 182 258 94 146 30 384 408 288 343 362 165 412 203 290 228 384 342 116 367 299 298 322 275 356 193 145 470 37 424 103 377 149 58 72 267 359 463 74 485 328 69 133 269 448 5 49 273 319 172 219 444 328 495 452 255 63 52 293 31 291 
295 497 128 109 76 89 382 481 372 324 224 389 494 176 497 392 5 259 35 136 453 458 411 383 376 437 202 477 461 99 73 14 309 350 174 89 495 141 317 98 84 326 420 246 246 46 80 490 288 440 461 496 243 367 283 406 453 454 117 145 209 159 46 422 462 88 116 303 442 67 156 93 424 317 64 62 66 296 77 388 134 294 349 283 296 34 55 117 492 497 123 344 143 182 233 444 142 368 109 294 
343 139 119 417 499 87 416 491 474 265 257 370 326 132 239 470 389 420 184 417 120 491 33 427 33 163 155 193 262 485 105 379 169 419 200 370 433 56 217 247 159 457 402 327 380 228 415 237 101 204 472 431 273 335 68 30 428 98 447 6 456 490 239 382 120 452 94 68 380 428 345 100 38 12 447 232 467 464 132 87 270 261 173 284 172 269 336 419 173 304 268 335 286 362 151 186 384 70 55 140 
390 83 217 482 470 91 256 214 74 335 74 161 475 203 360 263 225 349 133 422 491 472 91 392 311 405 77 476 399 15 34 242 352 184 187 147 289 416 251 325 40 428 189 407 74 145 30 209 52 448 281 8 34 234 181 251 162 284 35 363 151 334 249 171 324 477 158 415 219 21 237 285 481 245 152 62 275 486 414 360 25 492 137 196 203 296 403 299 390 329 231 385 207 295 240 236 194 261 104 464 
271 280 202 303 408 52 427 109 436 44 89 451 26 84 63 144 487 240 172 265 228 200 444 385 337 121 315 191 380 229 393 261 353 434 370 99 33 449 334 75 23 470 422 368 152 83 491 417 342 154 351 118 73 404 225 289 118 477 150 157 99 55 456 95 63 410 74 167 295 337 168 25 372 373 116 104 194 103 446 185 292 495 115 357 29 114 444 171 345 489 316 162 273 123 29 454 69 255 138 194 
297 267 208 419 258 45 137 416 161 144 54 205 71 276 420 64 11 422 152 264 112 157 418 66 410 61 97 201 146 31 110 465 226 450 30 17 52 438 446 211 12 166 348 416 220 206 141 51 452 167 496 172 400 410 347 196 152 212 177 160 254 431 387 403 110 223 383 101 315 119 206 254 239 77 25 430 397 455 254 125 108 401 353 282 350 41 8 111 150 76 270 477 332 434 382 372 483 182 349 235 
493 101 452 119 342 257 90 33 187 491 323 30 118 134 500 247 17 40 324 129 495 438 214 133 92 196 467 407 356 430 212 86 101 153 230 73 27 198 435 204 199 433 488 264 452 118 316 251 263 349 303 442 269 469 181 104 60 268 289 85 242 422 485 357 463 199 120 353 415 33 331 410 52 6 372 95 98 253 96 260 24 324 275 454 182 243 335 149 497 456 278 273 121 171 139 152 236 347 255 296 
375 461 440 104 369 294 49 282 270 106 116 17 357 370 424 55 215 217 455 428 18 231 417 171 230 58 269 251 263 174 172 111 37 468 321 487 260 415 381 149 203 253 149 41 49 307 486 268 428 368 479 289 457 270 105 360 395 313 165 463 55 177 106 170 468 279 292 188 435 342 108 219 224 170 339 394 224 450 220 128 150 415 156 403 439 491 59 56 416 298 457 356 378 115 61 384 92 107 299 45 
409 139 112 128 227 58 291 383 5 302 294 95 499 63 454 459 179 252 195 291 313 218 175 399 86 71 111 289 151 7 475 94 467 299 184 60 442 247 410 427 205 217 97 352 397 141 330 416 312 357 53 152 224 193 152 233 286 76 134 25 229 271 318 21 258 120 106 443 107 416 40 162 185 329 79 357 441 274 43 103 34 323 280 180 281 297 145 311 82 164 234 178 66 100 237 175 358 111 457 352 
85 7 57 241 10 321 76 383 449 409 489 141 464 118 365 203 63 224 418 326 117 435 137 16 220 231 74 114 386 495 332 132 331 207 12 465 99 265 410 106 9 381 210 249 259 149 387 499 430 485 218 314 337 131 148 76 113 205 451 480 419 298 222 94 17 334 203 153 71 332 327 483 100 438 494 328 416 482 463 419 43 472 328 240 305 278 366 336 23 301 183 154 432 99 227 391 146 185 92 291 
258 35 357 328 264 338 100 44 156 112 316 415 12 233 177 179 201 77 301 382 154 427 416 341 211 446 396 344 319 30 121 149 30 317 318 127 391 85 89 267 93 155 101 96 133 342 359 468 406 427 60 248 425 51 419 93 171 117 417 346 91 490 410 7 239 42 225 49 198 336 499 206 293 351 239 296 335 428 488 59 357 171 79 227 7 478 115 38 455 253 412 233 176 31 89 305 361 416 130 197 
284 214 293 75 330 140 134 331 343 276 416 339 19 47 116 164 475 95 112 219 152 232 193 270 203 263 66 158 78 401 123 500 411 123 11 118 111 449 132 315 492 83 38 12 64 461 444 231 346 315 164 74 397 165 445 317 392 67 141 346 460 164 72 247 13 121 217 54 224 287 340 194 402 184 237 38 20 494 260 47 417 465 480 200 415 304 77 432 354 311 311 112 493 387 144 136 463 478 324 126 
307 135 422 202 444 313 312 74 218 418 311 312 261 165 486 480 303 228 478 297 40 312 197 246 440 295 98 264 359 404 242 481 141 352 459 212 322 445 139 280 207 240 452 466 200 33 266 306 78 50 144 483 131 219 326 25 8 101 362 205 54 433 142 349 481 132 334 138 189 483 162 10 136 324 244 289 326 356 477 193 326 59 103 28 218 161 457 138 314 345 39 240 458 127 323 380 457 39 414 355 
