354 328 467 189 130 458 293 285 253 397 33 242 334 374 144 474 442 237 243 293 272 460 253 74 227 424 400 268 285 172 249 207 370 297 130 173 71 315 42 172 123 464 230 487 234 431 222 401 330 86 
73 470 94 345 319 301 252 205 298 86 55 478 255 51 486 406 36 94 270 174 437 251 343 444 211 467 376 100 62 447 295 399 180 182 232 415 369 189 137 385 34 275 116 370 326 76 398 344 58 479 
489 5 340 366 166 384 169 415 196 277 319 354 499 122 298 334 253 345 466 181 133 248 188 294 306 426 180 198 381 444 78 346 394 233 383 107 403 314 78 317 366 202 48 322 315 379 434 474 241 364 
402 21 316 444 329 90 164 443 26 495 23 63 493 213 95 345 17 198 14 137 393 270 294 43 6 114 347 422 143 434 74 335 46 328 61 457 177 438 107 250 108 281 461 191 237 413 200 133 238 486 
76 53 81 442 104 147 378 164 268 214 271 26 249 77 43 183 412 73 276 326 106 34 364 227 223 350 212 95 485 194 288 412 383 89 12 109 447 398 426 284 123 239 64 148 81 417 345 146 303 16 
338 233 165 456 383 122 95 345 288 259 15 440 406 385 18 77 338 7 259 363 306 347 252 395 39 91 494 311 66 349 67 200 32 486 458 331 380 54 338 21 362 111 491 293 277 19 370 40 45 148 
15 476 26 56 233 167 173 194 293 364 269 80 355 385 360 458 437 422 209 430 475 414 11 242 58 411 47 97 264 354 484 61 474 227 350 479 72 223 187 427 245 448 476 48 198 476 100 41 425 158 
155 165 34 297 448 26 461 364 156 160 495 60 198 235 23 289 15 252 168 162 165 483 158 238 74 265 26 166 186 398 290 227 254 244 56 379 272 386 348 67 84 255 181 298 102 479 247 225 418 450 
337 198 180 372 92 118 210 469 452 272 484 233 82 454 225 122 129 162 489 331 385 98 110 183 444 312 47 47 147 230 44 87 213 170 484 368 335 287 211 412 71 7 183 69 336 396 468 265 304 93 
457 394 470 6 275 186 344 104 496 178 305 5 408 11 356 323 36 96 154 308 258 206 292 331 165 413 163 100 186 266 187 368 461 382 448 77 110 455 360 361 218 226 75 412 265 50 39 202 497 212 
172 458 360 54 12 337 17 251 16 184 431 39 146 68 500 338 260 397 439 269 188 74 289 442 343 356 115 47 277 464 80 237 173 84 330 346 217 176 476 380 27 187 291 326 71 137 475 426 347 276 
323 157 481 283 466 298 176 89 331 395 265 151 285 245 355 451 464 435 112 260 391 18 11 140 211 459 149 69 459 20 174 273 465 423 43 319 134 365 352 352 381 463 356 188 167 357 347 429 336 377 
251 182 262 234 240 394 430 482 164 26 57 124 119 390 183 342 447 316 458 189 406 481 90 318 423 198 232 485 147 155 426 94 433 471 317 231 180 324 327 230 290 388 183 290 338 59 312 249 473 344 
432 11 50 50 75 63 481 192 429 352 352 89 423 326 441 253 131 430 475 135 460 112 210 60 55 208 310 174 63 218 39 493 344 31 70 416 55 64 85 165 467 137 452 476 45 497 163 390 432 36 
193 287 126 111 41 301 265 489 180 278 22 124 119 309 79 194 389 224 358 372 214 51 258 174 51 412 408 115 71 192 459 361 32 364 139 244 265 11 118 317 316 456 286 360 408 499 45 73 207 139 
57 33 359 232 332 355 177 267 115 300 283 36 262 60 152 38 391 108 435 258 321 135 363 141 84 467 18 269 204 380 207 340 347 192 124 406 350 306 284 81 311 426 9 403 87 52 483 474 206 499 
100 283 251 472 416 303 147 36 234 475 8 259 135 298 475 46 360 498 464 135 50 437 140 399 451 172 412 84 292 53 430 81 254 349 235 392 353 194 336 336 402 69 140 153 138 16 280 40 376 97 
220 38 70 53 242 294 132 354 36 344 202 41 380 49 266 44 461 128 427 89 159 60 75 155 93 443 186 397 148 19 224 353 144 358 180 414 417 242 316 76 394 473 398 221 44 220 415 192 55 430 
156 218 385 181 121 223 411 266 347 403 431 202 173 287 123 67 157 150 251 250 308 475 156 66 97 269 349 80 184 313 419 460 251 176 243 498 203 165 328 293 326 130 392 54 103 283 210 249 39 276 
346 307 341 87 421 450 187 403 103 202 247 172 140 5 64 110 206 127 166 253 348 230 159 180 39 96 371 56 443 53 48 389 177 29 97 188 178 342 393 452 97 375 30 439 119 437 220 199 159 481 
25 26 79 338 146 456 107 62 41 354 397 157 495 91 261 333 249 52 450 24 431 486 212 371 10 199 68 424 37 78 307 404 439 368 402 443 396 257 60 378 460 391 473 323 197 88 372 188 443 358 
385 292 398 484 211 355 92 250 99 160 307 498 490 42 321 344 261 392 337 128 35 261 294 174 278 361 41 140 133 174 137 63 217 108 202 243 95 56 134 151 125 35 362 394 347 87 355 154 177 241 
125 311 12 293 219 375 75 486 393 493 272 132 467 196 441 457 194 178 99 273 77 72 36 54 490 364 223 241 92 483 445 164 363 30 475 443 222 204 406 471 334 213 366 86 358 187 210 109 67 450 
442 188 218 311 122 94 473 337 15 298 438 14 6 332 396 372 495 384 329 88 255 316 104 364 293 188 137 188 110 193 362 60 256 233 42 80 311 377 30 61 464 359 460 290 387 204 263 180 309 435 
432 423 262 96 89 379 444 263 312 331 230 433 439 118 261 466 292 148 65 402 499 100 462 277 46 459 131 6 239 292 327 93 488 63 210 450 353 133 422 224 80 299 19 157 267 469 179 43 149 95 
65 275 314 193 67 206 273 92 434 91 67 184 219 120 384 499 24 136 200 420 455 30 254 344 232 451 217 483 125 113 432 401 494 497 337 385 329 378 392 44 306 52 247 292 383 48 97 63 237 272 
57 52 145 425 44 76 369 357 14 476 404 193 186 332 398 44 346 158 36 133 449 228 101 369 224 308 67 455 148 477 63 268 473 311 34 201 159 407 446 303 386 272 469 266 259 302 163 63 123 381 
308 387 51 352 112 255 126 314 343 145 332 258 298 395 461 348 436 376 219 295 266 100 334 129 313 14 263 110 16 438 40 256 328 14 290 465 237 286 471 283 324 294 80 12 116 378 352 35 252 58 
460 100 154 167 30 95 365 466 144 127 99 325 290 282 33 316 422 167 440 285 9 373 260 424 315 364 288 154 106 143 67 400 304 55 153 449 413 433 47 148 69 424 369 372 267 324 260 105 222 16 
254 375 106 143 214 211 342 58 377 251 307 28 344 177 183 61 420 292 397 251 486 286 418 340 124 102 394 369 217 185 191 245 482 233 66 385 234 235 311 450 383 131 305 216 280 183 22 105 410 68 
212 241 245 474 474 369 88 456 393 75 272 210 197 252 145 10 290 12 66 264 431 339 236 212 201 303 36 194 148 209 423 232 251 487 187 95 409 434 382 18 382 391 121 360 100 235 275 116 458 41 
19 249 166 360 366 269 289 56 66 206 403 171 339 296 93 116 68 402 191 403 432 475 339 447 178 337 11 476 407 143 227 422 448 88 154 477 45 437 459 102 153 422 164 22 65 387 461 339 202 339 
360 487 417 79 366 428 499 116 109 320 82 53 76 6 86 348 303 195 50 389 326 290 444 185 441 301 63 177 331 195 447 202 439 392 50 409 432 46 105 264 258 197 447 97 173 333 416 285 128 78 
349 366 21 234 288 294 452 22 438 211 24 349 447 487 139 428 213 151 314 355 190 452 179 362 494 89 240 305 283 67 149 169 344 264 175 157 40 110 114 37 367 251 65 216 242 87 439 186 424 34 
340 77 354 25 73 264 341 128 407 182 231 143 132 85 258 424 204 202 435 150 281 197 266 415 215 500 362 214 429 496 358 253 316 41 158 381 47 104 398 116 447 292 205 256 481 94 122 282 410 177 
318 69 118 264 110 483 7 302 58 404 18 94 242 6 385 229 255 469 257 173 229 194 19 33 144 174 111 479 214 375 261 225 333 387 316 188 301 380 305 390 77 12 83 347 207 468 73 283 367 134 
191 32 224 51 401 315 103 286 351 208 278 232 484 480 171 379 174 40 278 279 61 315 301 244 417 469 445 399 197 304 255 105 447 494 47 318 265 254 438 166 314 257 304 11 469 461 456 435 199 15 
264 488 276 83 83 179 492 340 287 467 17 316 256 38 473 195 172 355 235 137 303 145 448 262 120 132 234 434 20 278 311 142 410 483 370 85 327 452 337 206 87 180 146 468 114 483 210 89 385 407 
11 178 376 356 366 264 308 477 300 367 100 62 383 121 57 345 49 429 8 232 191 247 137 50 377 418 95 382 420 94 220 318 404 305 31 249 369 279 93 398 287 228 329 212 436 231 116 487 252 360 
147 125 202 201 268 65 169 166 282 418 226 12 164 304 417 88 86 33 163 475 407 148 180 15 483 231 99 381 203 164 163 430 360 177 444 262 334 173 490 184 289 169 69 274 153 348 490 490 256 75 
287 355 212 490 472 450 500 356 324 126 204 223 177 225 411 376 391 116 151 58 237 386 207 275 258 418 180 162 285 248 279 247 169 39 427 192 454 156 87 278 497 243 63 466 397 294 382 111 470 18 
412 219 152 198 123 404 192 370 256 129 232 65 380 230 244 66 177 439 355 296 223 433 64 487 286 459 229 434 77 16 195 337 466 370 253 203 298 237 63 76 144 113 453 342 221 163 292 320 99 48 
83 246 375 415 217 312 167 478 349 444 245 426 21 256 262 173 162 19 412 334 402 384 339 324 398 190 392 388 321 353 129 432 146 218 72 359 345 340 324 441 426 46 51 356 459 406 6 24 136 475 
260 189 105 258 344 61 179 110 163 417 145 487 321 146 410 181 45 497 499 24 14 267 285 280 463 97 310 226 187 422 158 464 200 96 189 493 156 495 370 249 213 450 402 262 93 342 294 453 57 449 
448 210 210 100 82 341 41 199 348 30 148 58 455 258 206 44 121 218 281 94 368 457 493 259 116 426 114 311 399 194 91 130 335 70 351 41 264 431 171 450 56 64 238 181 229 39 270 70 470 383 
297 340 234 331 22 262 305 318 167 200 500 74 369 320 158 84 444 441 60 280 431 399 484 369 162 475 260 381 338 156 20 396 253 35 437 10 179 466 173 87 269 236 26 272 117 116 24 413 459 463 
379 232 270 94 428 479 247 216 182 180 120 171 14 226 421 435 435 434 115 145 207 20 84 365 237 201 405 104 301 15 276 199 344 73 233 448 112 106 256 472 16 392 467 184 95 480 220 322 443 167 
432 425 215 446 78 184 455 278 212 313 418 265 487 10 467 397 411 337 49 402 436 479 448 107 393 66 432 118 125 334 426 320 315 488 67 154 144 97 133 106 191 171 235 199 92 73 174 361 72 65 
261 235 64 378 241 309 359 441 429 466 14 429 143 352 33 486 66 9 24 498 150 291 220 405 476 441 384 175 249 185 183 341 232 475 392 301 481 383 411 214 240 61 402 455 193 198 85 389 300 47 
74 447 312 153 45 130 107 297 201 240 426 36 484 132 324 271 226 291 302 157 322 194 487 21 137 312 172 438 214 394 168 114 293 236 277 366 128 119 292 424 180 468 173 109 425 337 465 397 475 32 
