222 47 169 376 410 150 192 305 365 194 278 439 100 96 333 84 474 250 144 351 217 428 395 341 369 37 482 169 385 100 415 42 42 193 342 434 313 58 131 318 388 361 387 80 15 90 221 473 131 92 
405 265 100 379 172 179 280 472 190 5 493 28 59 245 276 7 245 495 329 455 384 313 268 370 29 45 204 97 309 259 477 85 193 476 455 52 177 190 398 22 150 115 102 41 34 395 406 56 99 100 
467 245 188 257 484 492 388 408 218 199 444 497 211 98 31 136 49 275 284 479 346 267 446 19 49 217 476 300 235 231 278 430 413 215 31 97 288 133 312 189 405 16 213 13 339 456 346 403 47 332 
269 211 244 221 315 269 150 237 440 133 24 399 365 178 472 444 381 335 90 416 414 347 27 436 49 43 280 141 335 192 445 252 371 228 232 349 219 262 368 148 195 274 83 181 292 435 275 192 196 368 
254 312 196 406 62 211 27 10 412 393 272 324 440 430 446 51 420 310 172 71 76 472 106 168 232 265 111 433 467 171 44 130 178 326 398 218 169 18 239 193 178 404 108 92 94 144 47 226 229 386 
394 492 122 256 353 338 243 56 47 37 41 338 116 119 46 143 176 473 219 66 66 29 46 491 274 372 144 271 459 158 83 62 295 198 186 229 185 428 188 414 14 455 9 316 291 394 132 326 17 460 
119 381 411 393 452 136 72 428 462 77 447 181 309 265 362 372 226 111 278 328 264 82 351 251 164 109 231 89 178 121 187 143 354 73 144 39 176 298 183 455 454 345 113 384 385 293 304 356 103 23 
173 453 225 422 120 442 230 352 292 422 26 185 130 385 334 469 24 383 395 26 306 323 257 259 346 209 453 177 427 156 184 403 17 318 316 238 470 187 463 202 7 275 70 495 353 373 420 366 202 15 
306 112 40 398 117 409 290 71 370 294 164 494 249 223 315 329 279 209 38 355 468 474 421 113 100 337 73 483 156 499 240 370 440 266 396 434 427 477 121 262 294 390 160 86 263 51 334 306 299 209 
180 269 336 341 424 181 373 318 302 246 224 267 87 315 11 393 434 177 314 149 215 415 266 423 276 133 310 466 460 162 377 149 491 433 165 140 352 161 88 212 314 276 140 474 123 33 99 365 197 463 
429 132 253 286 89 375 228 429 199 270 339 271 376 446 246 371 323 28 325 30 156 456 404 227 43 233 132 236 257 134 129 86 285 341 148 275 96 68 410 460 423 411 412 222 457 127 352 196 45 49 
393 105 325 154 262 204 342 11 414 159 446 496 147 341 487 327 329 149 288 279 428 271 389 221 427 310 123 466 465 374 210 69 216 455 332 190 204 243 461 420 276 301 207 261 421 22 143 407 34 188 
256 429 302 413 81 116 262 349 353 331 440 69 458 303 225 117 284 158 472 196 307 43 44 461 312 411 90 358 183 438 348 264 290 182 70 155 153 233 235 332 343 400 33 39 286 69 488 121 99 209 
485 481 139 441 378 463 267 126 333 458 307 309 309 169 180 54 410 190 435 343 315 353 124 56 424 496 314 289 417 495 232 146 311 365 328 252 290 486 248 138 142 451 180 484 462 472 366 124 108 131 
323 119 133 466 69 219 305 401 412 409 367 399 405 312 469 492 17 234 65 492 339 83 362 281 399 401 77 293 192 241 467 187 158 127 357 213 32 272 246 324 280 411 462 48 321 159 172 232 339 299 
322 435 458 33 428 491 286 22 429 472 180 391 259 170 46 203 416 499 391 293 204 62 340 274 208 203 364 29 217 164 472 439 241 28 314 5 50 354 371 312 291 312 197 147 63 147 23 85 323 433 
14 491 108 426 100 118 20 145 49 458 215 179 331 205 183 67 261 397 293 381 275 402 135 409 470 486 490 200 391 298 133 185 256 328 261 458 469 460 182 457 389 222 221 275 107 398 488 426 307 450 
30 85 46 47 26 274 353 477 36 481 387 187 210 426 271 279 458 47 242 428 472 489 25 443 25 29 312 10 392 217 124 260 31 353 162 224 454 298 465 71 460 301 40 232 18 163 118 53 326 154 
92 312 320 47 45 245 150 473 439 483 244 474 256 52 496 26 238 108 238 22 67 292 47 389 134 342 73 268 62 281 279 26 405 115 181 24 293 481 198 399 481 89 248 372 282 230 43 345 116 421 
11 433 328 235 189 429 493 244 171 250 464 31 470 384 80 96 279 109 359 427 112 233 42 152 406 29 263 160 346 122 462 274 65 394 216 474 297 108 301 442 340 92 384 167 95 12 167 133 119 288 
449 346 134 390 18 247 367 105 201 19 376 475 438 83 282 269 255 233 228 72 28 426 461 437 141 362 227 235 468 215 300 113 327 499 284 278 11 209 27 89 238 446 382 68 182 401 327 65 169 100 
46 327 379 133 252 483 224 321 496 195 321 42 192 70 35 39 460 189 244 302 290 269 298 316 267 28 6 94 409 257 455 268 190 49 261 448 420 450 144 404 113 455 17 292 389 235 76 85 228 248 
286 218 479 164 410 264 481 333 147 289 389 294 150 59 460 405 110 286 192 166 446 300 83 350 158 187 139 124 172 100 87 332 214 250 317 56 139 291 366 476 68 271 66 406 14 257 480 435 226 367 
475 50 53 275 405 28 178 281 105 396 391 324 472 358 300 482 55 36 316 372 80 113 134 75 378 199 203 213 321 364 300 402 296 56 37 379 11 409 310 152 15 400 11 38 390 60 55 205 195 89 
45 357 279 117 479 493 432 304 52 217 38 85 492 385 29 235 80 418 61 210 112 382 364 450 484 322 383 306 402 26 201 103 463 491 231 135 25 445 231 192 264 437 495 400 489 207 318 228 113 40 
469 187 476 366 94 155 145 124 453 120 484 248 122 60 43 437 303 282 143 398 252 259 173 142 324 14 89 65 476 30 339 486 181 119 107 165 319 236 230 98 290 140 296 119 263 244 228 293 237 259 
149 216 176 94 234 88 239 470 275 412 404 172 335 453 109 15 132 268 269 277 116 45 302 34 32 128 163 269 298 156 349 365 445 113 222 78 286 437 394 135 445 6 500 422 124 80 442 428 209 100 
434 149 345 233 66 301 446 101 429 255 420 488 307 319 104 413 328 443 496 194 94 280 337 188 365 145 115 359 461 213 367 415 97 25 290 152 373 212 33 312 159 157 315 437 295 356 179 138 279 31 
50 120 304 302 272 37 313 288 36 99 199 12 395 419 67 62 496 130 289 120 360 383 486 59 244 235 331 235 493 358 336 36 349 368 76 122 230 19 203 151 430 272 193 112 394 331 215 188 255 131 
292 269 221 358 293 271 488 275 170 490 480 401 217 365 181 12 71 30 324 204 253 216 156 426 355 244 394 249 428 277 12 455 133 447 411 284 91 6 264 140 448 305 21 104 228 210 409 246 254 245 
220 469 121 297 58 227 223 252 137 49 368 371 201 109 248 485 116 376 20 311 308 368 362 400 217 78 279 265 214 52 384 109 172 196 389 188 6 331 221 142 406 136 276 155 242 242 320 36 136 258 
376 8 269 429 171 250 100 208 153 54 87 148 392 267 269 153 404 303 98 67 316 376 454 319 254 79 8 237 399 90 363 326 466 113 95 408 265 303 119 334 127 375 121 95 77 327 460 451 61 437 
257 80 330 435 320 419 13 307 499 105 497 149 267 269 208 126 288 473 136 471 101 395 115 38 288 387 408 432 419 255 185 372 426 401 274 449 218 114 154 16 159 227 370 411 55 396 455 77 211 150 
227 309 314 78 352 363 390 392 432 468 349 222 128 264 397 230 357 223 37 194 272 25 360 121 250 36 118 89 305 15 307 244 70 444 198 168 483 382 46 238 72 38 39 41 13 223 493 378 91 73 
371 447 90 473 28 76 149 232 329 417 120 430 53 81 458 176 9 380 236 96 153 271 320 22 118 97 87 476 423 309 63 149 204 47 14 55 370 95 43 47 143 148 135 265 69 341 202 403 234 281 
154 175 257 40 428 49 75 450 122 83 383 108 500 60 25 466 262 459 373 184 494 214 116 163 465 260 311 388 308 106 142 164 276 96 237 155 413 467 188 425 118 147 122 88 70 240 304 326 385 210 
326 218 343 410 194 148 385 141 442 288 473 282 302 417 134 469 58 126 223 94 388 405 162 98 77 51 306 226 494 369 246 47 18 491 248 177 170 269 87 437 71 164 53 67 394 431 249 430 388 10 
99 191 306 437 156 118 250 171 189 149 195 208 243 225 370 86 74 12 462 344 232 435 71 290 253 285 457 418 81 111 10 335 354 471 238 342 306 125 470 106 300 112 117 321 394 450 462 262 298 376 
226 191 170 60 358 56 111 113 328 349 471 57 65 334 430 177 249 270 381 197 231 143 53 216 100 36 456 226 396 97 317 178 111 224 229 478 304 430 7 375 473 360 128 230 161 174 359 466 262 487 
247 80 476 345 104 153 130 13 316 336 411 61 352 464 473 239 193 234 260 87 46 465 461 265 273 301 493 394 416 250 380 104 288 237 499 380 204 86 123 76 145 214 116 426 151 87 333 297 464 250 
72 57 221 273 254 50 280 169 6 114 459 212 329 317 436 398 435 157 244 419 314 184 352 262 84 99 350 158 129 123 392 169 497 310 291 293 225 410 43 280 176 6 59 497 139 434 442 377 497 376 
387 336 328 304 34 121 147 15 68 328 55 216 123 72 272 49 79 116 253 60 302 215 448 90 96 23 195 328 223 462 314 354 142 305 451 237 324 54 342 459 35 263 253 253 11 315 214 238 351 192 
281 127 43 320 187 472 325 443 308 142 490 88 372 218 246 348 150 318 165 305 184 404 55 440 432 64 92 151 366 278 190 388 63 322 425 165 150 202 424 243 116 335 75 152 412 346 439 113 8 65 
10 376 22 462 453 38 463 283 299 419 199 25 56 464 256 479 282 333 163 338 336 161 398 134 286 272 360 86 216 225 182 278 81 78 76 27 427 46 234 263 420 359 341 266 22 81 126 184 356 314 
346 485 128 150 229 181 339 354 241 499 318 304 159 183 360 384 36 197 86 51 281 145 293 106 16 436 392 265 242 378 331 142 287 152 116 403 96 253 351 160 352 421 112 288 343 334 193 285 208 331 
325 459 217 490 32 480 122 402 446 446 105 59 431 344 259 458 71 102 278 248 95 22 296 17 110 102 208 345 68 125 196 291 355 328 337 227 337 209 470 401 237 410 186 242 262 273 33 71 203 211 
223 270 443 278 263 286 322 13 412 376 267 412 320 362 454 154 316 243 80 15 276 72 342 378 423 460 104 81 341 155 431 45 493 141 462 215 294 40 469 49 72 70 62 300 331 267 87 471 75 9 
349 182 32 314 390 328 305 229 31 420 391 156 121 28 46 437 250 251 403 358 422 268 55 64 80 59 306 488 316 77 55 416 319 166 353 316 13 281 436 391 57 472 384 462 42 281 78 259 179 62 
220 441 97 28 174 34 367 331 454 424 219 374 164 8 399 207 238 95 86 363 353 467 345 383 387 498 277 90 248 139 365 223 107 332 349 9 195 22 92 306 199 143 323 109 30 311 42 410 56 385 
344 19 146 248 65 368 495 28 17 256 386 141 211 134 329 473 456 362 492 323 355 179 127 217 471 435 113 216 71 184 135 189 432 314 74 87 275 141 466 375 167 231 424 336 113 29 407 116 158 103 
