29 18 7 20 21 22 49 12 36 25 22 12 35 38 17 41 8 33 29 35 18 37 27 10 46 11 34 17 38 5 9 20 27 27 23 44 34 26 18 6 22 21 50 48 10 30 14 13 15 8 
37 50 37 10 41 33 22 16 44 33 37 12 37 47 42 17 33 14 24 15 6 26 32 16 30 24 32 33 19 6 30 16 12 12 34 37 8 41 45 38 14 32 18 34 45 9 45 41 43 39 
20 37 46 20 40 32 35 29 46 14 41 47 24 9 19 26 23 39 7 41 21 39 21 23 44 5 45 28 49 7 20 20 36 8 34 11 16 37 45 32 14 36 39 33 11 39 9 31 38 26 
29 39 25 31 40 40 21 39 44 18 49 28 50 13 17 36 24 29 38 25 46 29 37 9 39 28 45 8 21 42 29 23 29 10 34 32 46 27 32 40 49 43 38 39 24 25 31 40 47 46 
33 18 37 13 35 9 20 19 14 17 23 18 11 43 43 20 37 22 23 29 12 9 45 31 34 28 50 14 9 7 16 26 8 14 39 9 12 27 45 28 27 23 29 50 6 30 33 44 15 44 
14 41 46 12 45 11 5 8 43 26 46 18 28 29 35 6 40 9 36 9 26 38 31 36 31 35 43 8 16 37 39 45 42 15 41 35 42 21 43 27 24 30 33 42 39 16 40 42 49 29 
49 10 30 44 26 34 43 6 15 26 40 19 13 31 32 38 32 22 25 20 44 21 30 15 27 19 24 43 7 38 21 37 9 28 31 18 34 40 40 45 34 50 13 30 39 28 30 37 9 27 
6 25 18 13 36 28 47 9 49 23 40 27 18 25 33 35 15 13 39 10 12 43 39 25 44 5 28 26 8 44 25 11 43 35 13 39 6 32 38 45 30 36 6 38 50 27 31 29 31 12 
41 41 46 37 7 42 21 11 14 16 26 39 9 21 8 47 18 9 46 42 49 43 40 27 5 35 38 17 6 38 12 45 5 18 11 49 36 31 37 6 22 24 38 12 43 22 10 24 9 22 
22 45 23 14 17 23 39 25 19 39 41 33 46 42 28 47 24 13 9 16 17 47 45 14 16 37 33 12 27 5 9 21 46 47 8 12 36 31 49 49 37 28 19 50 8 17 31 18 38 34 
21 20 35 19 31 28 6 44 47 35 22 31 22 47 43 38 27 38 25 38 34 31 14 28 29 36 35 21 29 31 37 31 32 8 43 7 45 19 9 29 16 24 7 5 15 25 38 28 8 32 
12 33 40 38 25 41 18 16 34 41 45 29 6 40 36 14 35 15 44 39 14 7 37 17 9 36 7 48 36 48 6 46 7 7 6 39 26 8 39 47 50 29 15 13 41 30 41 9 45 37 
19 6 11 46 41 49 31 46 24 49 7 36 5 47 19 16 17 23 26 24 47 6 24 5 18 8 43 18 19 42 47 18 44 47 34 6 39 40 12 13 32 41 20 14 27 8 15 10 46 16 
23 31 26 27 38 26 10 32 28 44 42 46 36 28 19 35 37 46 47 45 46 40 39 46 17 18 22 26 30 34 22 13 25 21 41 20 9 22 49 8 37 12 44 43 40 44 24 9 48 17 
16 7 7 18 9 49 14 19 29 41 15 31 43 32 5 22 39 49 49 19 17 30 33 49 37 33 20 41 24 24 38 39 11 11 11 43 22 37 15 50 19 18 11 17 9 23 47 29 20 24 
31 9 30 5 25 46 39 16 20 40 46 30 8 29 31 50 20 30 21 28 19 13 32 40 15 38 18 26 18 18 5 15 22 5 7 22 45 35 38 32 32 6 39 6 46 34 36 25 32 36 
10 21 23 17 31 12 32 10 49 21 14 14 35 28 16 35 24 42 49 39 20 29 21 39 25 25 6 21 23 44 33 38 31 25 45 47 34 5 30 27 34 45 7 27 50 14 11 26 24 24 
18 28 31 9 30 16 21 32 49 31 39 28 45 5 25 38 32 21 24 19 18 6 29 11 13 20 14 48 28 40 5 49 25 31 50 32 42 32 8 47 35 12 15 49 10 27 21 5 36 40 
30 49 7 42 44 27 26 49 44 19 13 8 8 39 28 39 25 48 5 35 6 33 9 26 6 48 13 20 31 31 26 26 50 28 8 23 44 22 31 40 45 23 7 14 9 21 44 7 31 10 
30 8 5 38 34 12 43 42 50 12 24 20 19 34 23 22 15 21 15 20 24 47 36 28 35 36 40 18 14 43 38 29 41 46 30 13 26 5 12 21 7 10 26 7 35 34 14 37 23 17 
27 15 48 28 45 32 45 47 50 7 40 22 14 27 43 34 12 14 45 43 20 49 18 31 32 37 7 7 46 45 22 20 41 21 37 22 37 13 29 50 26 38 34 9 36 27 15 23 39 7 
48 19 42 21 38 42 42 18 5 15 13 20 20 25 38 22 50 5 38 27 27 12 47 31 22 25 34 40 5 31 13 30 18 36 22 28 26 38 41 36 17 26 8 12 28 29 50 35 23 28 
16 35 40 10 33 37 5 29 50 29 27 32 18 40 35 38 18 16 26 18 34 16 10 40 26 27 38 27 49 8 5 5 43 16 48 7 50 8 48 18 10 20 45 23 12 37 21 20 21 42 
17 36 21 27 29 20 8 31 22 9 31 11 11 41 16 48 19 43 8 12 42 26 17 21 23 31 23 40 19 39 10 25 46 5 36 21 17 34 9 5 10 27 17 38 7 19 11 19 26 32 
48 44 24 7 37 34 31 19 49 30 13 19 38 6 21 26 50 28 21 27 50 49 44 44 32 25 6 22 13 11 7 10 41 12 8 26 41 33 6 35 16 26 18 7 30 21 30 12 45 18 
34 45 12 45 6 40 40 34 29 15 31 42 24 36 32 7 23 49 25 7 32 16 27 32 7 44 49 20 44 12 22 36 30 36 47 34 23 50 48 13 6 38 39 24 41 29 13 24 12 30 
32 31 27 37 31 26 11 9 17 27 8 49 9 39 37 17 6 27 29 11 18 46 44 23 30 42 50 28 30 17 30 21 20 34 16 21 24 11 15 48 8 37 24 42 9 26 38 42 18 31 
27 38 13 40 36 13 43 41 15 7 5 42 16 15 33 27 19 22 43 6 44 46 22 39 21 27 5 39 30 38 12 34 10 32 7 29 13 18 12 12 6 8 50 49 35 29 22 6 7 48 
7 50 42 47 24 50 9 19 12 28 36 40 24 47 9 38 23 46 7 7 17 23 28 10 26 23 40 16 12 8 28 32 11 30 13 13 23 18 11 29 30 47 25 30 48 49 35 46 9 32 
32 41 24 45 28 50 35 41 13 18 21 9 27 45 33 38 18 16 28 46 17 24 31 40 20 10 43 18 36 23 42 32 12 38 13 12 29 39 7 42 29 44 20 10 19 35 15 42 5 29 
36 26 39 20 20 28 26 18 41 12 34 45 6 5 18 42 48 48 45 19 19 27 46 35 27 41 14 32 17 42 16 19 7 27 25 36 46 48 29 19 30 28 15 47 7 48 10 50 14 38 
45 44 50 29 5 28 25 50 21 30 29 34 33 49 23 15 13 48 31 29 6 40 46 8 34 10 9 20 30 44 10 21 10 14 17 16 40 46 37 50 30 40 16 46 28 19 47 49 13 23 
38 8 45 41 35 18 14 44 10 31 28 48 10 5 42 10 29 47 18 14 31 22 16 6 31 48 15 41 15 40 28 15 43 21 34 46 9 17 11 6 22 14 19 6 45 19 45 28 6 8 
14 13 22 40 13 30 47 18 13 8 38 11 49 15 26 35 42 34 24 28 42 43 40 32 49 22 20 11 40 17 47 37 42 14 42 50 48 8 18 40 25 14 9 42 45 24 20 46 46 10 
14 9 21 15 36 18 47 17 36 44 20 18 6 14 20 30 26 32 38 37 46 26 5 12 8 13 17 46 29 42 29 36 24 50 45 33 38 48 11 17 15 6 28 45 21 38 42 9 24 48 
48 9 13 12 27 24 46 27 8 10 17 24 14 21 50 7 26 44 45 30 44 19 9 6 21 47 27 35 45 50 50 15 20 39 40 43 44 44 17 45 14 24 34 46 30 30 12 16 39 47 
21 26 32 14 5 6 32 43 38 44 20 15 39 38 24 31 24 19 18 45 39 23 47 42 25 30 50 11 41 31 19 6 15 28 21 49 23 12 27 44 37 5 43 39 7 50 25 8 24 11 
24 17 30 12 48 38 20 49 48 50 16 25 30 43 37 21 45 17 40 10 49 49 30 7 46 46 35 48 12 10 6 29 39 25 36 29 18 15 9 47 36 26 39 44 30 48 35 27 23 49 
44 10 29 24 46 31 39 44 29 6 38 7 45 9 13 39 24 29 44 48 6 43 11 10 23 18 10 25 38 19 49 22 27 15 49 10 11 30 37 8 31 36 41 48 29 29 50 46 25 26 
48 17 47 47 24 26 23 28 5 41 25 44 14 39 20 22 17 42 35 28 25 8 32 44 43 29 43 25 31 11 25 5 23 50 8 32 26 30 23 50 14 37 41 33 37 23 49 46 22 33 
24 10 28 7 21 49 30 15 45 34 38 20 14 37 41 30 41 17 41 12 19 25 33 27 35 32 10 45 47 16 21 10 36 44 47 9 36 24 48 10 37 21 12 24 38 21 23 22 19 34 
40 45 41 39 48 6 14 36 29 19 40 11 28 5 15 7 50 32 45 44 31 25 29 13 43 11 47 47 42 20 24 38 44 38 15 7 29 26 19 37 10 14 11 36 48 35 13 34 34 48 
15 29 29 13 11 8 18 23 23 24 37 28 46 27 24 47 37 42 11 38 9 50 25 10 39 41 15 14 42 16 16 41 8 17 28 45 5 13 37 20 38 14 49 43 35 42 27 9 8 21 
29 33 11 16 41 35 31 37 14 15 37 35 20 13 35 44 40 46 8 48 28 13 9 20 34 38 19 50 34 39 7 19 44 32 26 43 41 6 15 18 20 33 40 46 44 45 25 50 47 33 
31 19 7 23 25 45 12 41 38 18 20 46 14 38 43 10 42 33 20 8 23 5 7 43 13 20 38 14 31 10 42 38 28 30 40 44 28 27 31 34 13 37 30 34 14 26 30 30 11 30 
13 11 40 30 8 29 21 24 45 12 9 39 21 30 10 33 45 50 10 27 16 46 24 7 35 16 20 26 14 25 22 30 31 48 50 10 20 31 21 45 37 13 18 19 21 16 50 17 32 36 
43 44 6 6 11 38 38 16 29 8 50 42 27 42 22 30 13 43 32 20 40 40 47 22 11 37 5 10 26 48 13 22 33 39 33 42 23 39 36 46 14 11 42 19 7 6 12 14 50 20 
46 21 48 11 46 8 25 36 48 43 15 33 7 25 30 49 19 9 29 29 26 37 27 20 31 40 47 25 15 44 45 12 38 31 8 34 43 22 23 38 20 18 5 50 16 32 36 7 44 15 
16 10 22 15 11 34 41 26 37 8 37 42 36 44 46 38 45 30 33 41 18 35 23 50 6 21 47 9 36 49 46 31 18 14 48 5 44 41 45 28 5 5 22 9 10 42 47 44 28 18 
27 34 27 38 31 16 30 44 47 8 45 28 41 22 19 40 41 27 11 32 44 12 40 7 40 48 29 30 25 9 15 6 42 33 49 39 30 23 46 8 17 42 28 27 20 12 50 14 16 18 
