13 19 36 38 11 50 21 12 43 21 50 25 7 34 42 38 38 11 44 29 32 18 48 5 43 35 19 29 26 5 39 47 18 11 40 46 48 42 6 9 10 29 11 46 5 38 48 10 43 35 43 34 7 43 49 49 25 30 15 15 5 8 35 30 44 11 49 34 50 10 28 36 45 25 41 13 33 16 49 8 30 20 27 37 6 36 11 28 6 48 9 34 26 33 49 7 31 39 29 17 
48 16 33 9 32 11 9 13 44 23 14 26 40 7 13 28 41 28 14 32 25 26 40 29 50 32 10 5 17 12 20 29 9 22 14 49 5 23 6 27 23 37 34 30 37 45 21 36 39 31 31 45 39 24 42 29 37 46 11 37 46 24 38 32 32 21 21 27 48 45 15 30 36 19 27 49 49 12 26 30 37 5 31 5 15 11 29 8 8 29 50 30 31 7 21 27 46 36 16 25 
39 29 22 14 44 9 8 45 11 36 43 11 38 38 49 36 37 11 16 44 35 5 32 44 18 12 21 33 35 23 34 32 39 10 14 17 35 45 13 31 33 49 7 46 31 15 8 5 39 11 9 11 35 13 25 41 13 18 34 27 12 10 43 27 19 37 44 27 11 46 16 41 30 49 31 39 15 27 25 14 40 32 45 26 21 34 24 16 6 5 12 16 9 47 11 7 12 21 33 27 
29 41 50 9 26 15 14 25 14 30 46 47 27 25 6 24 19 34 15 16 19 14 10 45 20 24 30 44 40 39 33 16 50 13 39 18 32 46 22 14 13 17 18 42 12 21 35 45 12 33 38 7 34 26 35 47 43 31 19 25 38 24 30 45 37 22 32 9 41 34 21 32 18 19 20 48 37 23 19 34 34 35 14 5 13 20 21 42 25 13 39 5 47 19 34 17 6 19 35 20 
47 24 36 43 39 8 10 16 44 41 44 8 16 19 47 35 15 33 44 24 50 12 9 20 47 8 30 39 15 47 24 17 29 27 25 9 13 10 46 16 44 36 23 48 38 33 12 47 29 5 31 22 40 36 48 16 39 29 29 29 45 31 30 30 42 40 34 15 21 14 10 43 23 15 23 44 8 23 41 13 48 39 23 27 7 41 27 37 20 37 24 24 11 47 26 50 41 36 39 49 
43 18 48 36 13 17 5 29 39 35 44 42 17 29 44 33 31 29 30 27 39 6 35 50 34 47 22 33 35 33 10 34 19 32 30 25 15 48 33 32 32 34 23 21 29 24 40 30 6 48 35 42 6 7 46 5 39 36 46 6 31 10 12 25 26 12 21 39 6 8 13 42 24 39 41 34 16 37 14 20 14 10 23 38 8 17 13 30 19 17 11 50 10 14 33 12 50 15 12 25 
15 6 10 10 48 20 6 20 41 43 34 28 10 9 11 6 33 22 29 6 34 33 40 36 26 15 49 5 37 47 13 18 13 34 25 47 45 50 49 28 41 45 43 39 8 40 42 9 12 10 14 9 46 50 26 20 11 38 29 10 13 41 36 38 28 49 50 11 32 32 18 31 12 25 24 24 49 33 8 10 8 31 17 47 41 48 21 46 24 29 6 38 6 19 22 37 38 22 21 37 
33 23 50 8 28 37 12 37 38 16 11 42 44 49 14 16 17 28 41 42 33 21 21 42 11 8 19 35 9 28 25 48 21 36 33 13 39 29 23 10 27 6 14 30 14 40 39 13 7 36 48 49 14 43 20 27 21 25 5 21 8 36 29 36 5 16 17 21 27 38 21 39 13 41 13 36 8 43 37 47 12 34 21 15 35 20 23 27 30 41 40 22 11 13 38 10 48 13 47 47 
26 50 32 33 44 36 39 35 41 19 48 47 31 13 19 14 49 6 15 15 5 42 14 13 32 32 31 16 35 40 10 5 18 14 12 26 17 34 16 35 42 5 13 8 6 35 29 9 26 27 13 45 34 20 12 16 16 28 7 26 26 36 8 21 38 43 33 23 33 6 44 36 17 38 41 21 36 44 35 12 41 27 33 26 8 17 19 34 25 50 32 50 13 29 27 41 18 38 32 28 
47 32 45 8 23 33 10 9 17 18 33 44 34 27 16 7 21 50 32 47 31 31 12 15 27 48 9 50 36 7 25 42 11 50 14 16 35 46 15 34 26 21 19 37 27 28 11 20 34 48 33 40 12 31 27 34 44 17 49 9 23 32 46 26 27 11 18 43 46 16 13 23 19 5 48 47 9 48 35 41 37 24 30 14 13 20 13 11 10 11 21 43 35 23 30 50 18 20 31 36 
46 12 46 19 33 31 18 46 38 40 40 29 38 41 49 34 20 14 18 29 49 5 50 38 26 23 48 18 23 21 49 17 40 22 8 23 25 7 19 13 22 45 17 30 5 5 38 5 27 18 46 43 11 23 44 47 5 16 23 9 8 15 11 35 38 15 11 30 29 7 46 38 37 29 11 29 49 39 38 26 37 41 29 5 27 19 20 21 21 19 45 50 39 34 31 41 13 25 8 36 
19 39 19 32 41 43 19 15 21 38 24 36 48 26 48 40 31 30 39 32 23 8 34 43 12 19 50 46 49 17 38 37 6 37 25 47 5 27 31 10 32 10 13 36 36 25 8 8 19 9 18 28 44 49 49 19 41 18 40 22 40 6 39 26 7 36 15 28 5 19 20 25 44 49 25 14 42 44 11 49 33 13 48 34 8 18 21 35 22 30 10 17 46 46 10 40 22 43 32 38 
50 41 41 36 29 38 28 41 7 46 7 32 21 37 27 46 44 48 26 9 28 36 12 23 15 20 48 15 21 37 15 21 22 8 31 46 38 19 42 48 9 45 50 28 36 42 18 21 50 23 39 29 30 25 14 10 19 12 36 50 33 39 12 45 45 28 36 11 12 40 50 20 28 48 40 21 16 40 25 31 29 40 16 28 26 6 21 19 41 32 15 35 15 21 50 28 23 45 19 42 
37 11 29 6 46 37 43 6 43 36 19 26 8 38 18 27 41 20 5 32 38 7 5 12 19 33 43 44 8 45 30 34 22 25 14 30 24 21 48 38 44 36 27 40 50 35 20 38 47 33 43 15 35 23 18 44 7 14 23 11 9 14 30 12 14 22 14 39 47 11 50 16 29 23 21 49 9 49 38 22 5 31 37 6 30 22 40 21 31 16 45 17 29 34 13 9 26 5 28 8 
48 12 45 42 25 44 35 44 36 27 5 46 26 17 24 28 5 44 11 43 20 30 23 9 31 28 15 14 47 28 11 13 42 6 48 36 26 50 12 49 11 15 16 9 24 13 17 38 23 35 43 11 18 43 8 22 40 34 17 26 9 17 40 26 15 5 14 34 49 30 49 25 21 45 8 24 14 12 47 15 37 30 15 47 36 39 30 39 10 34 38 47 20 38 15 15 20 25 49 31 
44 39 27 44 21 29 31 39 11 16 8 34 45 50 31 20 35 21 36 25 7 50 29 41 39 46 30 13 24 38 32 12 43 23 37 41 46 8 21 38 12 42 45 29 32 21 25 22 48 36 11 18 18 37 37 45 30 25 11 25 16 42 44 8 33 31 25 18 40 36 15 7 49 27 14 18 23 11 49 30 44 40 8 5 49 31 35 16 18 22 11 10 6 17 17 34 50 42 6 39 
33 40 49 50 43 40 46 40 8 45 20 15 24 23 39 50 27 27 41 38 44 41 48 7 27 34 5 11 35 42 13 29 35 21 34 8 44 30 17 32 43 39 9 40 17 6 26 33 12 19 31 31 34 12 28 10 13 15 18 30 42 29 27 29 26 38 19 50 6 47 12 5 14 26 35 28 27 5 19 26 33 31 49 6 33 43 48 50 32 21 10 30 45 12 34 14 31 36 50 7 
14 47 41 27 20 13 7 17 45 40 25 8 39 20 45 12 35 16 43 44 33 12 12 18 35 8 19 22 21 18 26 27 30 34 9 16 14 33 27 23 35 43 25 17 5 25 44 38 17 27 8 20 33 10 8 35 30 48 26 49 37 44 39 32 22 26 11 27 18 15 10 18 43 32 34 31 28 23 35 22 17 15 30 12 18 35 49 18 37 24 9 26 33 39 38 47 30 41 20 10 
29 10 28 47 11 24 30 33 35 14 23 12 11 13 38 25 14 43 10 46 27 31 24 7 30 34 44 15 36 46 24 18 46 12 10 45 9 30 21 35 29 38 23 36 33 31 19 33 28 13 8 36 16 5 6 23 14 15 7 24 33 50 20 12 44 14 29 42 8 27 43 44 46 22 31 41 29 9 7 47 36 42 33 23 41 35 19 41 9 10 50 46 17 28 41 25 35 34 16 49 
28 31 17 21 12 35 39 26 13 49 49 37 45 32 13 27 18 8 20 17 29 42 25 40 9 31 20 30 31 10 32 35 7 42 28 50 48 32 25 12 22 23 11 17 5 24 20 24 29 49 44 38 12 6 9 10 47 14 8 50 20 27 5 31 17 33 43 8 7 21 26 46 29 13 6 24 41 12 45 18 46 22 9 50 44 30 40 26 24 48 47 9 38 45 32 5 30 24 44 23 
17 11 11 15 12 26 7 41 12 13 37 26 29 49 24 47 27 42 32 50 26 12 41 39 31 17 40 47 49 26 44 34 8 37 47 7 20 37 41 16 30 6 18 12 41 50 21 18 15 7 27 24 32 32 8 24 42 21 44 40 15 9 23 11 19 42 12 11 46 14 18 49 12 22 8 16 11 25 13 19 35 8 24 35 50 39 10 44 43 8 39 18 43 41 34 48 40 10 24 27 
29 5 42 48 27 43 11 48 45 9 6 26 46 46 42 9 13 38 5 19 14 22 16 41 20 37 14 23 39 37 22 19 7 23 48 31 5 42 44 21 34 22 6 21 28 28 15 32 34 30 13 6 20 8 7 29 44 48 49 48 49 21 11 11 36 27 7 41 35 20 31 45 13 18 44 18 26 25 27 15 16 17 35 24 47 36 14 33 38 24 44 32 13 17 18 29 22 50 36 37 
44 37 11 24 9 39 24 40 35 47 35 42 13 41 15 8 43 42 16 34 22 14 44 47 5 47 30 37 37 32 17 35 23 11 47 42 16 46 47 46 31 10 27 20 22 49 44 27 22 39 25 28 21 20 19 12 36 28 18 25 17 22 31 17 27 50 33 46 29 18 24 22 14 24 12 42 28 37 39 13 6 22 18 49 50 17 49 14 30 25 16 39 46 15 47 43 18 31 25 34 
40 43 48 25 16 35 9 39 33 16 45 12 9 29 18 6 13 25 8 39 35 28 8 44 33 14 33 45 11 29 15 17 11 45 18 15 45 32 20 12 35 48 9 21 20 33 40 27 19 20 11 33 36 35 31 16 6 26 48 16 21 34 36 34 24 9 17 20 31 21 34 50 5 46 44 23 18 11 7 28 43 48 48 21 9 29 32 34 43 22 26 39 15 42 33 39 14 29 43 16 
47 40 32 34 9 26 5 42 15 41 48 18 26 14 24 22 44 45 5 27 45 5 21 16 8 49 6 46 17 32 10 14 43 8 9 40 11 44 32 27 32 46 18 7 49 28 40 21 43 15 48 25 48 10 25 42 45 12 34 15 15 42 44 5 48 24 36 13 35 48 15 46 22 32 43 25 20 28 35 29 35 12 25 6 30 34 49 24 29 30 31 39 17 27 43 13 25 48 30 20 
38 40 17 20 6 11 33 29 32 11 28 37 49 28 26 28 48 36 31 41 9 13 44 26 25 11 50 14 10 14 15 22 11 13 9 49 29 40 35 41 40 50 50 46 44 27 49 38 25 40 23 12 27 7 19 41 38 35 32 37 27 21 42 5 18 24 6 13 5 6 10 45 45 38 7 13 18 21 49 9 16 42 15 26 24 23 25 28 7 46 29 35 7 26 50 5 38 41 5 34 
37 34 13 15 19 13 39 18 34 47 26 39 10 6 26 24 49 28 44 22 42 12 21 45 11 34 48 32 50 28 18 29 7 29 47 24 39 26 31 18 35 17 48 31 20 26 37 47 34 20 41 49 38 18 28 21 40 8 19 8 14 45 38 8 36 8 43 10 8 48 46 8 43 27 37 27 17 25 9 39 50 8 29 14 22 14 41 31 41 20 37 24 43 33 10 9 34 11 41 22 
18 10 28 45 32 5 49 39 39 21 10 35 31 5 46 26 5 15 42 43 50 32 21 45 35 11 38 18 48 15 5 49 8 30 42 42 30 19 39 37 8 25 16 44 15 9 36 49 24 48 46 22 28 7 12 48 31 21 22 24 10 24 49 45 30 27 7 13 41 31 30 10 39 5 36 36 50 24 40 12 50 14 12 42 30 33 46 43 36 33 34 32 14 20 38 39 6 26 29 25 
18 33 29 10 34 28 37 29 48 30 8 9 22 14 48 36 33 49 11 31 36 24 32 17 42 49 41 5 12 28 44 43 19 21 23 46 30 10 49 39 14 11 50 34 34 26 15 27 48 18 11 46 39 9 34 28 28 15 41 30 44 5 47 30 7 27 9 26 27 26 23 43 42 41 19 13 27 41 47 20 38 45 21 49 47 48 15 28 13 37 28 45 24 7 6 13 20 5 5 25 
46 7 35 50 25 47 30 31 24 14 27 24 36 5 24 44 30 30 45 42 18 18 5 17 41 12 20 8 10 20 32 18 16 36 36 14 17 50 10 32 26 30 23 46 30 35 28 25 20 34 34 23 35 38 14 44 30 41 22 45 9 12 47 19 12 49 18 43 44 12 44 35 24 18 40 50 41 50 27 5 16 45 12 13 13 14 45 21 45 35 10 13 42 20 33 28 40 40 21 20 
24 23 36 21 37 16 24 5 46 12 42 47 27 36 47 28 43 46 23 47 40 18 36 39 34 14 11 43 50 8 12 10 5 32 23 21 46 46 39 39 35 14 6 39 18 41 15 40 46 16 37 32 7 24 29 18 46 43 13 36 23 34 46 43 42 49 36 11 23 41 36 5 46 30 49 13 49 45 31 22 35 30 50 8 16 8 41 49 44 5 39 14 32 22 42 8 10 10 26 20 
46 39 24 29 5 14 20 25 16 41 18 46 25 40 25 36 21 14 45 48 27 31 23 16 28 16 35 31 7 19 47 12 38 49 13 38 7 46 37 7 38 9 31 50 16 35 48 49 45 34 43 19 39 17 15 42 29 35 18 12 34 18 16 13 39 18 25 15 43 14 37 42 21 33 10 34 7 18 9 7 49 38 7 35 32 19 41 42 40 48 27 6 21 19 41 48 5 15 50 41 
34 29 9 28 39 22 40 20 12 17 25 34 19 37 42 17 17 27 14 17 39 39 32 18 50 19 33 9 42 23 6 38 49 24 44 13 8 9 34 18 16 9 47 47 15 6 31 43 35 13 41 40 18 31 20 25 41 40 29 36 13 13 10 26 47 34 17 40 30 16 38 29 48 20 8 50 9 9 40 25 39 42 43 41 15 13 10 22 38 11 38 13 13 20 34 21 11 40 23 18 
44 50 18 19 44 9 21 21 32 13 9 25 29 7 37 38 38 50 32 18 32 17 30 26 8 30 9 16 33 41 8 18 8 36 50 49 16 16 32 26 40 27 19 32 36 46 22 10 26 41 33 32 40 13 40 36 29 43 5 20 45 47 18 9 48 49 35 43 34 29 20 37 46 48 47 15 7 12 12 10 35 6 40 16 39 44 25 46 28 36 9 21 36 44 13 45 15 10 7 40 
7 9 29 26 5 14 41 13 19 45 37 50 40 38 23 9 15 23 16 12 29 22 30 31 11 44 35 10 11 46 38 46 45 8 30 46 10 46 19 27 5 46 22 36 13 31 21 45 46 28 32 10 7 43 31 16 33 48 29 49 29 42 12 37 12 15 18 16 7 17 46 6 21 29 28 21 31 18 13 43 20 46 49 18 19 28 7 47 39 43 18 50 31 16 10 6 41 28 40 47 
45 22 10 23 33 37 5 7 37 39 25 33 8 33 16 27 11 27 48 31 21 15 7 12 29 42 33 28 11 48 35 17 12 29 47 30 41 24 41 10 43 43 35 36 6 36 46 27 6 30 14 24 50 39 26 43 34 18 37 18 24 18 36 41 42 37 26 13 36 50 24 34 19 25 35 22 41 31 26 10 22 25 47 33 22 6 14 33 35 19 21 17 23 39 32 8 21 45 40 32 
17 32 16 22 8 35 9 24 33 41 21 21 29 26 49 15 7 30 24 16 22 18 28 22 38 32 8 17 21 11 35 41 34 12 37 16 6 50 7 7 31 41 35 35 12 50 21 34 30 31 37 16 22 31 34 15 32 27 42 14 17 11 22 10 39 49 29 22 38 24 37 47 36 25 15 41 25 36 45 39 31 36 15 21 34 14 47 42 9 20 48 39 47 32 23 48 14 32 14 21 
25 18 48 27 24 6 35 37 47 47 41 13 31 8 47 19 47 14 22 38 21 31 33 6 14 31 26 25 47 36 45 46 42 25 37 13 7 5 34 28 13 28 23 27 21 31 31 8 43 26 46 13 39 38 46 34 32 41 23 17 6 19 15 25 13 6 40 15 12 37 10 47 16 22 17 50 41 46 17 36 38 32 12 18 35 29 35 47 25 10 17 28 18 24 8 25 28 24 13 11 
17 43 40 10 40 43 44 37 17 7 41 31 50 12 50 50 47 10 48 38 23 31 38 34 21 15 21 49 38 13 38 12 12 12 9 5 44 26 33 19 45 8 50 33 49 47 8 45 49 29 28 6 42 17 27 38 7 45 28 44 42 24 35 30 9 5 37 35 7 11 23 35 33 15 43 10 14 50 7 30 25 33 19 36 46 42 41 44 42 6 49 46 27 19 14 8 22 31 12 39 
33 50 27 26 6 45 11 36 7 48 39 31 47 30 37 28 20 26 40 45 21 24 6 40 50 8 8 45 28 21 20 30 14 20 47 6 32 36 37 23 38 34 9 42 38 12 7 28 23 6 10 23 16 5 5 25 13 26 48 8 49 24 20 23 23 16 47 23 40 14 47 29 42 16 46 30 48 21 42 22 35 19 14 32 12 41 6 12 8 21 17 48 24 7 24 41 35 45 9 25 
36 15 7 47 7 24 40 7 25 19 30 30 37 10 50 5 33 27 31 46 23 23 37 46 20 10 29 15 48 42 5 12 15 18 29 30 10 5 36 38 50 45 28 50 30 6 14 45 29 19 30 9 49 24 48 23 46 49 14 6 25 22 13 17 28 50 47 6 48 5 32 29 13 21 16 35 21 5 47 26 13 43 26 27 27 12 13 35 21 43 18 30 24 38 50 40 10 9 49 37 
12 9 34 29 9 28 18 50 11 38 23 33 34 23 29 7 49 9 46 18 26 47 12 40 8 34 45 14 15 15 36 42 20 25 36 27 43 15 47 21 22 16 24 23 29 34 48 6 14 14 22 23 13 13 7 27 16 48 13 46 7 29 47 27 23 46 44 42 44 49 32 50 12 41 40 49 8 48 47 48 27 23 43 22 48 8 22 50 12 12 38 18 19 22 36 12 46 11 22 33 
5 35 16 39 49 33 14 14 5 37 34 14 7 19 21 42 35 49 11 50 43 21 36 42 6 5 5 23 13 44 29 22 45 41 28 41 6 36 6 11 27 23 25 12 21 38 46 5 21 32 37 32 24 44 31 23 6 41 29 45 46 13 42 14 43 44 7 33 11 5 49 40 20 44 19 38 23 33 8 29 31 9 49 35 37 22 50 30 33 11 19 33 31 42 28 14 29 28 14 5 
31 30 6 18 31 20 5 26 22 19 9 47 9 37 7 33 47 25 48 46 39 30 43 12 7 35 17 18 12 47 25 16 15 17 44 29 16 14 15 40 35 39 50 26 34 21 36 11 38 41 50 21 33 44 12 41 49 50 16 8 24 21 24 47 16 20 5 29 16 24 12 45 23 20 12 12 35 42 34 30 30 38 31 5 25 7 8 6 13 7 22 43 42 9 9 22 46 35 34 49 
11 14 21 17 8 16 43 35 20 28 15 16 22 42 41 32 31 41 30 5 19 35 17 50 33 9 23 46 31 11 22 11 7 20 21 45 15 19 29 44 7 24 30 9 6 17 47 14 31 5 35 40 39 50 23 16 8 33 46 20 18 6 9 9 25 15 44 45 40 12 16 47 31 28 17 5 21 36 10 11 49 28 7 49 35 8 41 10 42 16 39 39 28 18 11 16 35 11 41 39 
34 19 22 39 46 34 13 34 42 32 26 17 22 46 41 26 37 42 6 6 15 10 12 21 38 48 48 44 18 25 33 15 37 30 35 47 24 39 43 5 39 7 10 31 23 5 21 11 45 35 30 14 18 46 40 11 14 12 19 19 17 34 26 15 43 40 33 7 30 20 39 31 50 37 47 37 14 27 49 12 11 18 40 26 14 39 39 44 45 30 16 21 14 45 50 17 34 41 39 11 
12 19 25 6 32 31 31 48 7 10 9 43 11 19 12 9 13 50 17 14 16 39 29 32 21 35 17 25 45 10 25 10 18 41 46 48 34 24 9 27 19 24 18 24 37 50 49 31 19 50 8 48 25 31 31 19 24 22 42 34 35 35 45 34 20 10 24 25 8 40 26 8 11 7 28 42 45 23 47 5 14 41 33 35 26 16 50 39 16 39 36 27 32 10 38 24 30 17 39 30 
46 37 27 36 18 47 47 48 23 26 5 19 46 11 26 30 31 21 28 36 27 5 43 6 47 14 23 22 21 19 34 15 32 36 45 34 38 9 43 25 40 40 15 9 17 24 31 46 48 35 16 49 42 32 15 41 41 33 17 10 11 47 42 13 10 21 36 29 42 13 29 28 15 31 37 28 15 16 9 36 14 22 23 29 34 32 28 18 22 44 26 40 26 50 17 49 14 18 46 21 
11 29 21 12 38 7 28 22 22 25 46 7 10 41 5 14 44 24 25 11 21 36 44 35 8 23 49 18 31 19 11 7 29 42 7 7 33 16 9 11 15 44 34 35 5 29 32 36 6 37 30 14 43 44 26 15 44 6 16 28 43 49 18 32 21 5 42 42 22 23 39 40 26 15 31 47 34 46 35 37 49 39 21 5 25 49 35 13 7 30 26 23 37 13 19 12 14 6 41 15 
40 43 11 44 5 29 18 47 32 44 7 23 49 29 43 7 18 13 29 41 35 40 24 40 20 20 14 21 33 37 6 21 8 44 7 33 43 49 16 6 18 32 32 13 26 40 37 28 41 27 14 45 22 27 44 26 23 10 21 16 19 14 19 44 11 32 34 49 25 42 8 23 12 16 34 21 11 6 45 27 34 31 30 15 45 23 18 11 25 49 15 14 26 6 12 12 7 13 48 38 
21 45 10 38 42 7 13 21 23 49 25 42 33 33 37 42 36 41 32 50 14 33 34 39 44 42 41 29 37 18 6 32 50 35 40 43 9 30 19 43 22 16 9 39 49 10 50 35 37 21 37 5 29 32 39 49 33 6 17 27 41 20 16 45 11 12 34 44 28 24 42 35 47 44 33 21 25 31 43 31 36 7 47 39 5 23 9 11 28 6 40 24 19 38 13 21 42 45 11 35 
6 7 14 9 36 12 19 24 30 8 8 5 41 6 13 12 35 7 50 45 13 21 34 28 22 44 8 38 18 39 11 48 47 40 48 49 29 42 26 16 43 28 34 10 10 16 36 49 30 32 37 39 43 24 14 13 12 36 35 43 19 29 46 36 20 14 28 19 14 13 12 47 35 32 45 14 8 47 13 32 20 48 11 41 11 19 6 7 14 23 11 38 48 22 5 26 47 49 26 8 
31 15 6 22 39 37 14 32 39 43 25 30 5 39 23 27 12 32 40 29 7 6 38 15 19 36 8 17 34 25 7 15 29 40 10 39 26 32 32 50 9 25 9 24 21 50 22 46 43 38 34 6 14 20 50 37 17 23 6 18 15 38 17 39 34 48 8 20 19 28 21 38 26 30 36 10 48 44 45 30 12 10 46 49 24 24 6 50 34 19 39 47 16 17 14 6 11 8 9 8 
26 22 32 11 14 5 6 37 27 7 21 11 10 42 19 44 38 31 7 5 24 37 9 21 39 21 35 18 21 9 29 8 7 13 36 48 22 37 35 19 34 26 44 32 19 40 23 28 15 23 31 44 15 39 22 27 23 20 9 46 34 22 47 21 47 37 5 49 17 6 29 47 16 17 33 37 45 19 19 9 12 10 39 48 11 21 18 48 5 15 20 10 47 21 15 38 47 34 44 16 
45 28 20 26 33 28 18 20 15 41 48 10 37 24 42 25 23 42 31 32 48 33 28 5 50 24 49 7 36 48 8 17 6 14 14 44 44 14 47 29 31 41 28 19 37 33 33 23 43 23 47 37 5 40 24 45 10 49 30 20 10 35 22 36 12 6 44 28 21 30 23 24 46 42 44 28 14 42 24 25 29 28 17 10 50 17 34 19 20 20 31 8 32 22 27 30 39 5 19 25 
16 50 35 24 15 29 19 42 19 17 18 21 41 16 30 21 22 17 44 15 36 11 7 36 12 44 50 30 13 27 44 21 19 19 7 32 35 50 8 39 23 39 34 35 20 14 24 49 47 41 48 28 35 41 47 12 38 9 36 7 31 9 39 36 5 35 25 41 10 33 39 32 14 44 34 41 48 18 26 30 8 8 7 20 41 21 43 5 29 27 19 8 41 31 15 27 32 6 18 31 
22 49 37 6 24 38 38 9 38 6 25 22 43 42 42 32 46 27 14 49 23 17 45 40 40 22 11 41 7 33 43 8 41 40 23 34 23 6 20 5 19 12 28 45 20 13 40 36 48 34 42 42 24 6 43 36 27 6 14 17 44 38 23 38 39 43 25 15 15 19 38 24 31 8 39 28 40 16 19 36 7 20 49 38 19 18 48 12 13 30 36 24 45 35 50 29 13 7 10 30 
28 13 29 41 7 14 41 45 34 14 21 16 17 50 38 30 50 11 40 37 33 46 6 15 31 33 22 7 21 41 29 31 45 32 38 22 42 18 40 38 8 43 15 50 20 32 24 41 13 5 43 22 5 17 34 43 26 27 31 20 23 7 6 5 27 8 10 25 44 14 12 40 19 50 26 5 6 50 14 7 23 5 20 35 24 43 21 19 45 16 18 25 43 23 15 17 45 37 16 28 
35 20 16 28 44 20 28 40 29 31 18 21 35 25 31 12 25 18 46 31 42 7 40 44 11 18 32 25 24 5 6 7 11 18 35 16 27 44 41 34 32 13 6 32 35 34 38 5 27 26 49 39 13 37 49 12 5 39 17 17 21 34 43 34 9 22 50 32 5 28 38 17 49 24 30 21 37 29 11 24 12 27 6 34 11 18 37 23 7 24 35 46 32 32 12 39 19 33 42 5 
42 38 22 24 20 29 28 50 28 15 20 42 37 8 13 6 44 41 31 45 37 25 44 35 9 18 19 19 35 9 16 46 43 33 22 9 9 7 26 19 40 34 16 39 5 18 45 42 30 49 18 19 36 32 21 7 6 50 8 21 10 32 12 45 30 29 16 48 9 29 36 44 47 29 25 31 38 33 7 5 13 8 13 41 5 23 22 25 29 15 43 8 19 10 36 17 47 37 35 17 
24 39 15 39 34 29 36 6 13 46 49 42 29 48 43 27 31 13 13 35 28 24 48 18 7 6 31 26 18 43 21 41 16 19 15 46 44 28 39 16 33 46 5 47 41 21 38 44 25 32 37 21 7 45 16 30 30 6 49 6 8 12 41 44 47 48 23 17 44 47 30 24 17 21 37 26 38 36 28 20 24 25 12 48 25 16 48 45 14 5 20 11 18 35 20 34 33 16 29 45 
25 5 13 19 30 45 35 24 50 41 39 10 16 16 28 38 11 46 29 32 43 33 35 27 23 13 24 11 44 49 16 40 31 41 13 16 6 9 48 47 19 5 40 7 47 21 50 29 30 34 32 16 15 16 11 40 16 47 43 40 38 6 19 6 45 50 28 32 23 32 40 48 16 9 13 16 14 23 30 24 42 16 20 49 11 48 43 20 47 40 36 15 5 42 50 21 11 42 34 42 
10 29 10 15 45 8 10 29 10 25 31 13 27 40 26 21 40 5 33 46 26 27 31 45 22 49 26 35 46 34 10 40 14 36 22 17 10 26 40 48 6 9 15 7 8 26 46 12 31 26 43 7 22 42 34 15 6 20 19 17 29 50 16 31 50 23 11 29 9 19 45 21 47 45 48 34 7 19 42 9 30 33 19 41 42 23 24 5 23 34 29 20 35 32 39 19 25 38 17 19 
12 47 12 26 29 25 14 21 9 48 40 32 46 32 10 15 42 28 42 16 43 24 49 46 5 41 5 39 5 24 23 16 31 10 9 9 44 40 45 9 10 40 40 50 42 38 47 25 36 21 49 48 49 31 27 42 34 46 39 49 32 28 42 30 50 47 14 5 45 22 47 45 16 26 23 24 29 47 28 39 47 44 19 9 46 40 40 5 6 12 9 43 32 21 29 40 46 22 13 25 
18 28 24 10 32 24 25 42 19 21 46 21 48 24 32 46 35 31 48 50 9 15 38 29 24 43 6 16 21 14 7 36 40 5 15 41 7 17 10 15 35 29 28 44 46 34 12 7 9 17 47 27 33 10 34 35 38 37 48 30 25 30 22 36 50 8 37 42 42 35 29 40 50 42 47 6 9 16 31 20 20 24 8 47 21 19 10 48 30 44 34 36 36 34 45 24 41 16 44 22 
48 32 21 9 22 7 38 16 24 36 46 38 14 45 7 33 27 32 20 5 34 40 39 27 21 5 17 20 21 20 33 6 40 44 23 9 36 40 39 34 17 43 18 24 21 24 31 37 29 34 9 18 39 25 49 29 26 38 17 46 18 24 34 23 46 26 45 15 43 10 29 17 43 50 21 31 46 11 35 17 18 37 49 46 19 40 8 16 30 7 34 8 5 17 39 49 36 13 6 7 
50 39 39 40 41 22 11 32 12 24 36 19 13 15 48 34 27 15 22 46 42 20 14 46 21 48 34 35 35 21 24 22 33 41 20 40 36 50 16 23 49 31 39 7 23 32 9 16 16 37 21 18 14 39 28 6 48 19 10 24 15 33 27 33 41 49 21 26 40 39 28 41 35 7 18 48 28 17 17 23 9 39 11 20 44 33 9 11 32 13 39 47 45 24 7 10 43 46 14 12 
21 34 36 24 5 32 33 41 34 34 18 11 47 47 41 35 13 50 32 14 34 23 35 46 40 46 30 39 42 5 32 5 31 27 17 27 24 19 7 37 47 35 17 45 39 9 46 45 21 21 19 25 19 23 22 45 40 26 38 15 39 21 41 38 7 17 28 11 38 49 30 37 32 24 48 17 5 30 19 37 34 13 47 20 25 30 34 7 23 17 48 30 44 24 14 12 9 26 44 31 
26 27 8 19 37 10 15 12 13 40 49 42 48 6 40 40 30 22 17 19 27 20 29 36 18 37 20 12 28 41 50 5 45 41 40 27 15 9 45 43 38 39 17 5 21 39 29 13 5 13 23 40 31 46 44 24 32 35 44 37 15 6 45 32 34 12 9 36 9 47 18 39 40 9 24 19 13 19 11 28 13 15 43 41 48 8 17 28 20 49 6 5 23 18 20 46 26 49 41 49 
47 20 33 23 19 32 31 25 8 41 22 42 47 24 13 11 18 5 17 16 30 24 46 21 15 44 38 31 46 42 35 13 14 6 7 24 22 45 10 28 34 15 25 17 37 11 10 22 28 39 47 26 5 48 5 15 14 26 10 24 26 44 32 40 45 22 10 48 8 6 28 33 44 21 33 50 36 37 40 9 17 21 50 10 44 49 44 10 23 17 44 24 30 13 40 16 37 48 31 32 
18 20 24 38 32 48 32 16 27 38 33 8 9 20 6 47 46 8 30 31 44 28 28 7 37 35 42 6 19 21 8 29 37 18 13 38 48 27 25 21 16 5 47 50 39 20 49 24 17 17 45 19 23 27 24 28 35 30 18 33 15 13 50 48 5 19 28 25 45 49 16 20 9 26 38 11 8 26 17 31 5 20 12 9 15 40 24 5 42 12 25 22 32 6 31 36 35 33 24 47 
10 12 28 15 39 16 21 22 28 33 34 12 34 50 29 40 39 35 25 33 19 31 31 23 32 16 28 19 48 7 49 44 24 45 23 48 37 16 46 30 9 37 34 21 50 48 13 31 19 11 47 39 20 40 21 10 29 46 21 16 34 40 48 10 26 32 17 48 37 46 27 7 47 14 40 14 16 18 35 42 40 32 49 21 12 37 23 18 48 29 17 30 32 7 37 39 46 12 34 44 
24 38 26 30 22 26 41 31 29 11 11 12 14 28 17 16 36 23 16 29 13 49 6 11 16 38 20 44 39 41 6 22 10 48 26 14 44 43 32 26 48 19 34 24 29 28 50 12 22 24 8 30 9 33 37 37 50 6 10 13 24 20 42 5 45 22 44 44 45 6 13 36 19 16 15 11 46 23 8 37 11 16 40 17 16 28 13 34 33 8 49 30 20 20 42 37 36 36 5 39 
17 42 31 20 46 16 13 30 47 30 19 35 30 29 45 23 11 17 9 38 37 14 41 39 46 25 15 20 48 29 27 40 10 44 24 26 15 25 25 22 18 48 38 30 9 11 27 21 19 34 21 12 47 34 43 29 42 19 10 44 37 48 9 12 45 10 35 7 10 35 28 48 37 46 39 18 25 18 24 36 32 6 25 11 22 15 30 45 8 10 24 26 46 16 28 10 25 16 20 15 
50 25 13 23 31 27 33 24 50 35 15 20 33 14 7 15 9 50 8 7 13 49 8 17 9 45 49 27 5 20 47 24 23 22 27 35 50 30 45 37 45 29 20 39 25 27 10 46 25 18 16 28 21 31 13 38 24 34 17 30 8 27 49 48 5 19 25 29 16 34 23 5 26 16 35 25 36 24 32 5 41 38 39 36 45 20 16 22 20 5 20 13 6 33 39 31 30 39 16 31 
26 40 37 22 37 20 30 28 11 42 13 27 11 45 42 26 21 28 6 29 39 8 18 7 17 45 42 46 39 31 17 41 24 10 21 10 28 38 48 36 32 26 38 17 43 37 29 16 33 24 7 12 39 10 24 19 41 44 41 13 29 36 27 14 13 31 16 37 16 37 31 32 22 27 49 36 19 10 48 32 12 41 34 46 35 25 20 48 24 41 48 11 16 42 19 22 5 32 7 43 
50 5 28 44 26 41 19 46 43 19 7 9 26 33 29 50 5 25 19 27 46 47 14 14 19 17 38 47 8 47 49 12 5 10 47 13 30 40 40 19 19 35 13 12 5 25 31 19 50 28 5 39 22 48 33 32 24 32 24 43 42 41 37 28 12 21 19 40 29 20 40 21 6 7 10 47 18 10 48 29 38 39 38 11 18 29 8 35 37 28 37 46 28 33 14 41 17 37 25 7 
30 39 34 37 38 32 45 38 36 11 41 6 16 31 49 15 13 24 38 45 45 34 8 41 42 10 21 44 42 6 37 29 48 48 7 8 12 37 18 8 16 26 31 9 24 6 36 44 39 47 40 21 48 16 16 50 5 45 5 22 43 19 45 31 46 9 24 23 30 25 7 14 46 31 18 50 9 49 33 12 34 38 27 16 48 37 47 30 28 7 23 27 16 38 41 22 37 42 46 21 
31 22 26 37 26 42 41 33 23 29 48 6 44 46 28 14 25 34 37 10 8 5 38 6 27 23 8 36 43 35 29 45 43 49 14 33 44 39 42 9 22 39 14 42 35 13 26 7 26 16 33 33 50 19 48 6 38 47 26 15 17 43 50 10 14 22 41 12 39 7 31 30 7 12 14 16 13 34 10 6 39 37 50 6 39 39 11 36 44 24 34 45 7 24 41 42 20 28 27 49 
9 16 40 27 42 7 11 47 25 22 40 31 6 44 11 30 42 16 22 20 30 46 30 32 28 31 30 48 11 30 7 19 44 25 25 42 22 6 19 41 21 39 45 24 32 6 9 41 22 10 7 26 47 14 43 50 26 15 23 40 22 11 33 5 18 46 12 6 27 12 41 43 39 23 37 10 23 41 7 22 32 24 14 43 19 18 7 46 45 8 35 43 38 47 26 8 34 43 8 28 
18 47 12 37 12 25 31 43 24 14 45 21 43 44 43 42 29 25 26 22 47 20 16 45 21 28 29 37 42 29 24 13 33 41 33 47 35 16 29 33 45 18 5 50 28 49 37 27 24 49 17 33 24 43 39 37 29 49 10 22 24 7 21 29 25 30 50 5 24 46 26 14 33 42 48 15 41 38 6 19 50 25 21 50 32 6 19 47 7 39 13 26 7 50 8 17 25 15 26 16 
20 25 44 7 25 30 38 36 8 36 24 21 48 36 47 45 41 33 49 41 47 16 37 29 41 18 29 24 10 42 13 30 13 32 7 43 12 36 38 46 20 43 46 9 9 39 29 20 6 18 37 18 48 42 34 45 42 18 35 21 10 11 42 20 13 19 39 14 48 8 10 50 16 20 35 8 47 13 45 33 12 17 29 40 5 14 31 49 33 45 31 26 42 37 24 30 32 8 12 34 
24 12 49 7 20 9 9 13 8 16 19 30 13 39 14 45 15 27 27 5 7 40 18 15 22 18 25 14 35 35 16 50 33 29 39 22 34 44 16 32 34 17 5 18 50 7 38 50 44 43 47 29 35 26 15 8 32 39 14 33 11 45 39 22 37 41 7 49 37 40 8 15 18 23 49 42 7 49 32 33 37 24 29 49 7 36 29 34 32 37 34 9 19 21 41 25 19 43 17 9 
23 29 21 23 31 45 24 7 43 20 34 8 34 20 31 26 48 30 50 23 30 23 7 34 35 17 33 44 28 48 32 19 19 38 15 26 28 15 26 24 38 44 44 28 5 47 32 37 13 50 16 44 50 27 22 47 47 16 36 9 5 37 22 21 16 33 41 37 40 31 20 29 21 12 32 18 41 28 12 12 45 49 41 26 12 46 17 23 37 23 33 16 21 42 27 8 9 36 25 20 
8 11 22 21 8 25 49 24 13 46 21 46 37 30 13 9 16 9 39 38 6 49 19 38 35 31 37 18 42 9 27 37 30 28 42 18 24 22 48 12 32 11 25 12 44 10 7 14 43 8 36 42 28 24 6 31 17 42 32 13 50 6 12 45 7 33 41 33 30 26 31 46 39 19 29 6 40 49 15 40 42 28 44 41 20 43 41 25 37 12 48 14 19 5 15 43 16 12 28 49 
49 21 31 24 35 6 11 44 27 9 43 30 34 19 10 22 17 44 13 33 18 19 33 42 34 24 17 32 10 48 50 9 22 14 37 28 24 6 37 22 6 50 16 5 18 23 22 25 41 17 40 10 7 8 29 23 13 42 8 23 6 5 35 6 5 48 20 16 43 15 22 24 28 29 20 30 21 50 45 50 11 49 23 26 34 31 20 43 32 48 11 10 48 46 11 9 16 16 11 46 
49 34 5 21 11 24 46 11 24 9 35 17 45 12 27 39 35 9 48 28 36 28 18 47 18 28 28 50 11 25 37 18 29 7 35 8 17 20 37 33 21 44 11 49 11 34 16 30 25 43 47 30 21 19 35 38 10 36 45 30 7 29 34 22 5 39 15 30 7 41 37 43 5 7 28 42 38 6 22 11 39 30 17 17 15 31 41 45 49 7 42 13 32 37 16 30 24 32 29 26 
40 24 44 12 21 34 48 46 8 39 40 48 38 26 19 23 9 36 34 12 23 29 34 44 31 32 25 50 16 41 22 46 21 21 42 20 21 25 27 48 7 43 16 42 26 40 43 15 36 44 5 17 46 25 9 22 23 18 12 26 46 37 21 9 47 11 10 48 17 39 11 16 50 45 32 26 30 41 45 40 22 40 41 18 42 50 17 23 21 10 33 45 24 39 46 21 32 23 39 15 
9 36 38 31 21 47 23 45 45 41 31 7 15 17 16 17 26 32 9 14 19 29 48 5 32 28 25 8 8 41 12 49 38 38 25 43 38 18 50 16 12 50 24 9 17 44 41 34 21 42 26 8 7 35 34 26 47 47 22 24 34 13 13 36 8 38 6 15 30 40 6 10 43 16 47 12 38 31 40 42 17 14 17 24 7 19 46 24 19 23 47 36 7 25 23 30 22 13 27 36 
39 34 25 42 22 29 34 18 50 5 12 50 32 44 50 23 31 17 24 36 9 9 8 33 22 43 30 23 18 15 5 28 8 9 31 42 11 40 22 49 30 11 30 7 34 50 47 23 47 34 10 30 17 44 15 50 18 33 47 23 19 50 15 49 7 13 16 42 38 43 29 32 12 43 39 35 22 19 29 48 24 6 17 33 14 45 5 14 25 16 14 35 36 25 27 41 45 42 19 41 
6 30 41 16 29 7 48 42 6 49 8 25 33 48 46 33 38 19 28 16 13 8 32 43 9 33 12 44 14 12 23 6 9 18 16 23 40 22 16 10 35 46 30 47 35 43 16 33 19 5 9 38 46 22 10 48 12 44 25 11 17 50 36 8 37 8 18 39 49 37 45 13 6 36 47 24 26 37 21 9 28 20 16 30 39 15 36 42 44 37 39 15 49 19 46 25 26 48 20 50 
32 24 44 29 46 17 47 9 31 23 11 26 5 6 29 13 11 12 47 41 22 20 23 36 15 33 39 12 10 26 44 31 20 50 48 34 49 42 38 11 31 29 6 47 31 24 5 24 16 18 42 46 44 23 16 16 50 31 43 21 25 15 9 31 27 6 41 48 22 46 50 13 43 37 50 17 23 21 23 49 36 35 10 20 10 36 10 21 31 11 9 47 46 26 19 33 5 21 12 15 
15 15 6 10 46 32 8 13 36 21 23 35 5 14 47 39 35 44 7 6 21 40 19 38 29 27 21 28 26 6 37 28 10 9 36 35 12 15 43 14 20 45 39 17 47 10 30 34 41 39 31 5 13 37 39 48 17 26 39 11 6 25 28 27 47 47 42 37 50 22 8 22 50 17 25 11 30 9 47 46 5 9 6 16 18 41 37 9 39 15 14 27 44 26 39 14 13 33 38 39 
48 28 15 36 28 26 43 16 8 33 28 47 22 42 45 21 9 37 7 6 32 35 24 9 26 20 24 50 33 33 42 22 32 25 16 48 14 27 39 7 15 11 41 15 43 10 6 6 46 18 10 32 8 49 45 30 43 32 49 14 8 15 44 8 45 32 49 25 26 15 38 49 13 34 6 9 31 37 7 6 23 23 32 28 37 37 24 50 18 50 25 17 41 41 15 29 45 33 19 14 
46 27 34 41 17 40 11 34 5 14 18 34 7 20 19 33 23 10 6 33 34 14 8 43 28 42 11 36 43 26 9 49 5 50 24 31 29 22 41 19 50 10 49 37 41 17 20 7 16 33 30 28 25 15 20 49 8 30 22 16 50 27 31 20 22 21 30 6 32 23 50 30 6 36 18 15 8 17 43 43 38 7 22 49 5 31 16 32 27 17 28 12 7 32 21 33 39 50 46 40 
25 26 37 19 48 41 20 20 50 30 46 46 43 25 38 29 18 39 10 47 23 9 44 46 6 20 36 38 47 38 12 32 35 27 32 45 32 23 50 11 16 6 7 28 7 23 5 14 20 16 22 13 37 29 17 11 40 14 31 14 39 34 48 25 27 11 21 42 33 8 35 42 46 5 9 27 7 31 19 25 46 44 6 20 29 45 11 46 5 13 13 43 14 44 15 38 30 18 25 19 
50 10 24 5 28 35 27 9 19 24 39 32 28 35 6 5 32 45 48 16 22 22 42 9 20 7 39 28 19 14 6 6 34 11 24 26 43 15 5 7 5 43 46 13 37 14 8 5 9 34 20 25 32 11 45 7 17 30 6 36 23 43 42 45 23 24 28 47 50 42 49 25 20 20 21 13 17 22 7 22 37 20 29 24 15 30 42 21 32 45 38 45 43 13 14 38 26 31 30 17 
36 33 22 26 49 40 26 11 33 21 25 18 38 28 44 22 34 14 16 50 49 24 9 45 30 12 15 13 32 36 46 48 40 31 16 35 12 19 34 30 41 41 42 35 30 50 36 10 34 19 20 37 17 34 9 26 35 34 48 45 39 24 30 11 50 6 33 10 40 26 22 10 19 9 29 9 44 19 48 33 22 34 24 29 17 33 22 25 47 46 23 46 15 24 37 25 22 7 47 32 
28 47 49 37 32 41 47 26 28 16 11 43 23 46 17 35 11 29 8 35 8 34 11 5 14 21 6 50 35 33 9 32 15 45 18 17 12 32 7 17 26 25 8 48 7 45 50 36 24 21 23 10 42 44 25 23 9 44 49 34 28 35 48 24 49 27 39 30 30 49 16 23 33 29 8 39 46 20 18 38 37 49 22 19 25 31 22 11 9 7 32 49 18 40 19 7 41 23 39 28 
27 47 28 35 9 44 49 41 47 39 48 15 32 18 27 14 49 34 46 46 24 49 19 44 49 12 36 48 29 32 30 50 41 42 20 11 43 39 37 15 15 23 22 29 49 48 45 36 45 36 7 12 39 11 20 31 13 20 34 36 12 9 35 16 10 42 15 22 38 28 25 44 42 26 36 42 35 14 23 34 6 45 16 20 6 13 13 19 38 50 25 25 33 23 7 29 24 17 27 48 
