40 42 19 16 38 34 42 20 15 30 7 20 33 34 48 50 20 36 24 7 17 39 36 37 13 35 38 34 39 42 25 27 39 33 12 11 35 15 18 38 25 17 43 27 46 15 19 25 13 24 
26 21 36 16 24 47 7 24 44 8 45 24 45 9 26 37 40 27 23 18 17 38 17 18 34 12 6 44 22 15 36 44 36 29 45 28 40 6 13 19 16 20 48 35 35 22 17 10 12 25 
11 38 46 37 40 17 18 49 39 37 44 12 33 16 48 35 32 34 9 26 50 43 50 33 46 25 38 20 49 31 50 21 5 17 12 40 45 24 10 10 25 45 43 39 36 21 36 33 31 40 
8 42 17 34 40 5 45 32 27 30 31 12 33 7 22 6 28 42 23 26 16 30 31 32 47 22 12 41 40 40 24 10 32 43 32 48 5 35 41 37 7 30 8 28 26 16 40 31 44 18 
37 37 48 8 7 35 45 28 42 30 6 32 42 29 28 31 34 49 29 45 40 37 25 28 9 22 40 42 36 48 41 28 42 6 35 15 25 17 23 9 24 5 33 22 18 25 46 35 37 26 
24 48 26 37 27 28 7 43 17 14 9 47 24 40 42 47 49 25 29 7 21 37 41 38 48 30 27 37 14 14 31 18 11 47 41 10 36 5 41 31 35 47 8 23 22 28 8 38 46 37 
49 16 45 43 18 5 18 8 34 25 44 36 37 49 17 18 28 34 41 43 32 11 22 18 39 8 11 41 50 10 8 47 41 23 15 31 22 32 11 9 22 49 6 23 41 30 20 24 20 11 
35 29 50 34 27 26 23 39 10 7 14 25 19 26 40 7 41 6 40 38 36 30 7 32 7 13 24 13 7 34 14 32 5 41 42 20 20 14 17 24 5 29 6 24 8 9 26 24 8 21 
31 24 36 35 36 18 6 47 47 36 6 22 13 39 32 33 40 9 15 11 41 35 48 41 27 11 30 32 22 18 17 14 13 10 30 37 41 5 45 31 6 40 25 45 28 14 49 34 18 14 
43 16 44 5 23 19 33 23 24 7 46 22 46 22 7 25 6 19 37 20 6 14 48 27 44 32 31 25 42 22 33 38 28 25 37 14 20 43 39 13 12 18 8 15 8 28 5 32 49 8 
38 13 12 47 20 32 33 19 44 40 33 35 34 18 13 31 47 46 35 18 7 23 48 37 9 25 31 50 13 44 5 13 11 25 35 15 35 16 32 43 35 28 46 19 16 10 47 34 17 49 
29 8 30 16 35 48 14 42 37 49 45 47 36 45 35 29 31 7 46 30 32 10 25 5 23 23 8 23 48 43 9 35 36 22 20 11 16 46 43 26 19 44 32 44 41 40 46 9 17 13 
39 24 39 11 28 34 11 40 23 17 11 5 32 46 15 20 36 30 26 8 47 7 12 21 29 8 44 36 50 28 38 48 16 46 21 18 24 23 33 38 47 35 41 9 5 18 21 33 26 13 
14 24 6 25 39 36 36 41 10 26 10 37 17 31 16 10 26 7 24 44 31 37 35 43 14 33 28 30 31 43 22 10 44 49 32 15 28 21 38 36 25 21 33 25 21 35 45 48 48 6 
12 10 33 34 30 15 8 36 49 42 28 11 27 31 30 48 36 20 36 14 21 13 14 14 32 42 40 28 33 8 26 10 17 18 9 48 22 44 36 43 7 17 30 22 7 31 11 37 28 22 
48 6 5 29 22 19 11 17 47 35 22 48 38 50 29 12 25 9 10 21 45 39 12 28 39 41 34 44 26 5 7 45 19 29 29 34 26 15 33 50 19 34 46 22 48 47 24 36 37 46 
31 32 31 34 16 13 37 11 19 50 46 23 47 42 6 5 32 6 17 25 26 10 20 44 46 27 14 39 13 34 8 44 50 43 14 32 28 23 15 5 20 6 24 36 21 19 49 17 5 47 
49 24 20 23 13 11 16 25 21 24 11 42 38 45 22 22 21 8 15 15 16 31 30 24 21 13 6 30 18 30 38 22 35 12 33 32 12 16 37 8 10 19 44 14 41 19 22 46 25 10 
46 21 26 39 47 44 50 22 23 20 39 18 44 47 36 32 12 38 41 47 49 30 43 16 11 26 38 13 19 44 29 9 21 33 49 36 5 5 38 8 30 30 22 50 44 48 6 27 38 46 
21 50 19 12 44 30 17 27 47 30 20 25 16 39 36 32 45 12 35 25 6 25 14 25 18 37 17 34 47 18 43 40 36 23 21 41 8 47 10 27 38 38 39 43 10 42 11 22 16 12 
41 25 14 14 6 27 42 23 50 21 26 26 35 26 17 38 26 15 26 40 19 36 42 41 48 25 28 42 26 33 28 15 39 29 29 28 26 14 12 37 18 7 45 37 41 30 47 11 5 31 
27 45 29 13 6 10 38 30 36 44 34 9 46 31 30 34 44 31 15 26 44 14 21 13 39 49 26 42 48 29 26 39 44 13 5 14 45 46 17 47 36 40 43 33 44 48 19 9 25 21 
28 26 33 24 5 48 22 34 17 26 18 49 29 12 19 18 29 33 13 13 21 8 5 15 5 30 25 49 7 38 25 45 18 49 14 32 24 42 14 11 31 21 11 17 5 7 41 32 23 45 
16 15 42 46 37 42 33 17 20 47 35 15 28 20 45 25 21 31 14 23 32 20 46 28 33 36 41 50 42 8 38 21 6 27 13 39 12 34 43 40 27 38 41 35 37 39 42 40 16 41 
31 42 31 10 37 15 32 9 17 18 47 29 16 27 22 50 29 20 42 32 32 50 41 26 6 50 21 22 27 24 16 31 28 32 22 30 48 9 29 9 25 12 32 20 33 37 42 21 29 28 
30 37 26 49 47 12 34 42 45 44 36 35 25 24 34 34 12 6 13 19 36 41 6 41 37 43 36 27 17 24 10 22 14 12 35 29 43 40 9 18 7 24 22 7 31 26 34 17 14 28 
43 34 10 7 47 34 45 47 47 39 12 50 39 36 30 15 25 40 18 33 29 13 21 31 32 39 25 43 38 24 16 33 8 16 14 22 46 13 33 25 30 49 47 47 45 11 38 24 17 28 
32 20 27 36 49 29 8 40 39 7 47 13 34 9 47 28 25 38 10 45 49 15 9 7 5 24 25 23 12 43 48 11 6 8 48 40 7 17 17 45 36 15 45 45 9 46 36 38 50 20 
43 22 21 42 20 5 25 33 6 33 12 28 18 46 12 15 44 42 31 35 19 6 32 27 30 37 16 39 50 37 25 18 18 32 36 7 40 21 28 29 15 6 43 20 44 50 35 28 15 12 
9 25 12 34 37 44 6 22 6 30 38 41 34 43 8 22 32 11 41 29 16 34 18 19 11 30 20 27 22 7 48 8 39 42 22 22 46 31 45 41 50 25 29 30 18 12 10 28 10 50 
38 50 18 33 33 39 9 7 48 38 23 23 6 7 28 36 8 46 42 6 46 42 17 11 18 38 49 36 32 49 29 37 27 21 10 20 41 30 39 50 24 31 35 10 41 32 18 41 39 41 
44 44 26 6 25 10 16 34 28 46 7 18 27 24 38 25 29 21 37 24 28 29 18 27 21 17 14 35 19 26 48 9 18 10 22 34 13 44 19 7 35 22 23 15 21 15 5 32 39 9 
27 43 22 42 5 10 49 11 21 6 27 28 33 15 20 21 48 48 6 14 40 24 44 19 44 49 21 45 34 5 24 47 32 9 35 31 40 15 15 17 39 27 13 38 34 36 34 6 8 29 
25 41 44 38 42 22 16 38 36 26 19 35 6 37 24 38 30 7 18 42 30 30 26 32 40 22 37 23 44 39 25 36 37 47 37 13 25 26 50 32 26 15 5 22 30 24 32 27 24 26 
19 14 23 9 12 33 25 13 19 10 38 37 22 5 45 20 44 14 38 9 50 9 30 7 31 23 28 36 29 36 16 18 30 6 30 26 8 8 13 7 9 21 32 17 27 42 12 27 17 14 
8 25 31 10 29 8 37 10 30 11 36 24 5 48 28 26 42 48 29 41 30 13 49 41 31 17 35 48 24 8 50 6 15 5 39 9 50 36 21 28 24 19 47 44 26 41 43 9 39 21 
10 37 27 7 35 38 37 31 28 32 32 16 46 46 28 46 42 33 39 27 5 40 37 38 22 16 40 22 15 8 23 35 40 38 19 35 26 35 42 14 48 36 44 12 29 42 41 17 10 32 
27 8 21 47 14 13 15 49 10 27 31 37 29 8 26 37 48 22 29 7 35 15 6 22 10 46 17 7 36 31 28 39 49 40 19 5 20 40 18 36 35 32 50 41 38 50 24 41 16 24 
41 32 37 47 9 10 42 46 23 21 47 22 45 21 45 49 16 18 5 7 16 17 34 50 26 50 25 10 31 15 24 34 38 13 22 49 38 20 39 36 49 35 22 40 27 39 47 46 47 39 
49 27 30 32 20 25 14 48 16 9 34 15 38 47 11 43 26 41 32 28 5 50 16 49 46 35 21 14 40 31 34 47 14 33 29 43 36 5 37 20 44 30 44 8 50 26 45 32 21 18 
16 17 5 43 14 11 21 33 5 48 11 6 22 37 21 19 10 10 45 10 34 42 26 38 26 50 40 18 42 26 32 29 14 25 33 19 48 42 46 44 28 25 28 9 17 6 37 38 44 31 
50 26 13 16 45 29 27 33 13 16 15 39 28 27 40 11 9 19 40 31 25 12 28 14 15 11 49 13 20 42 32 48 5 33 30 6 47 42 26 29 8 34 33 25 33 32 39 17 21 48 
40 9 5 50 45 44 7 24 26 12 7 5 11 49 11 20 7 31 16 13 21 17 26 40 34 18 5 31 35 45 8 18 6 43 38 36 18 19 38 42 19 33 33 25 20 10 16 29 41 37 
30 8 34 12 31 9 35 25 33 14 14 5 49 40 15 39 19 50 39 49 7 32 37 7 35 48 5 43 39 25 43 30 27 23 5 19 9 20 40 9 39 33 28 23 44 7 16 46 11 18 
6 31 40 10 41 32 18 7 12 18 25 20 41 40 5 38 40 33 32 37 26 9 30 24 17 42 9 25 11 43 21 50 21 14 8 20 14 24 28 30 45 20 10 26 49 8 47 39 23 34 
50 22 10 23 17 40 46 35 14 11 26 28 11 11 29 35 8 12 23 12 43 33 40 31 15 33 33 49 11 42 47 49 49 31 42 16 22 15 24 16 26 11 6 22 20 20 47 49 5 27 
46 22 22 48 19 45 33 25 40 8 10 20 46 48 42 12 40 32 16 49 16 14 8 17 9 11 20 15 25 23 48 38 20 18 31 17 8 44 21 45 10 17 45 10 26 45 39 34 10 24 
37 27 50 47 15 7 29 24 8 19 45 50 6 31 6 22 17 47 6 18 10 22 24 40 48 32 40 23 27 44 22 43 18 28 23 6 8 16 30 24 49 5 41 46 20 7 24 43 28 22 
39 37 9 9 25 34 10 30 32 26 23 39 22 42 11 31 28 7 20 9 19 17 18 19 44 41 7 34 47 36 47 28 31 17 43 33 36 7 8 44 31 39 12 9 22 40 10 44 7 50 
15 20 8 17 47 44 45 23 43 6 28 9 47 29 24 22 14 30 20 29 25 48 23 19 36 42 27 40 38 39 50 17 11 16 40 21 24 29 33 48 16 35 46 34 29 44 21 35 25 6 
