74 455 208 6 220 214 240 397 292 55 308 411 375 291 349 407 466 8 52 451 83 117 241 212 322 297 336 388 259 64 112 138 108 472 357 144 320 261 245 233 261 221 302 450 316 383 116 196 224 339 
372 175 172 409 311 329 206 179 476 433 136 87 454 104 260 273 84 90 475 406 182 402 262 121 360 14 26 451 303 25 494 228 424 113 37 450 205 348 38 310 88 159 13 147 327 15 143 118 287 169 
182 464 357 297 300 122 478 405 51 246 227 132 324 271 164 460 313 118 314 416 68 177 331 402 162 20 166 447 357 383 474 375 172 396 479 281 485 359 276 184 198 250 70 461 93 100 140 465 94 94 
188 113 155 436 49 456 85 202 197 396 450 13 476 481 65 141 467 110 21 131 389 225 471 77 382 16 191 115 300 406 171 18 427 418 55 236 310 393 237 109 385 252 320 295 261 151 293 175 60 331 
385 357 456 332 453 420 224 83 132 316 69 270 136 297 63 255 461 430 78 252 146 6 104 42 237 496 206 476 102 61 395 471 197 165 7 103 53 195 420 288 209 345 204 493 13 323 416 185 480 344 
220 498 494 386 306 444 263 312 278 277 234 197 435 22 346 106 225 63 459 434 9 495 447 301 38 59 137 404 19 404 228 322 217 12 82 207 281 25 392 182 148 329 398 211 79 143 20 67 24 183 
226 477 80 496 255 19 233 475 21 46 154 372 461 152 481 155 438 179 122 238 266 252 443 77 487 177 179 490 84 30 131 113 266 170 243 92 446 194 32 238 75 250 344 354 321 149 282 36 122 269 
375 80 264 489 414 255 273 375 98 321 101 117 77 92 253 491 298 366 269 179 70 204 453 301 294 500 410 436 158 220 428 178 206 344 365 217 86 241 360 154 133 228 323 381 456 426 368 355 60 28 
32 199 368 47 183 286 268 377 22 294 268 144 458 224 107 238 243 366 199 208 252 488 333 314 166 312 163 351 291 491 157 124 497 320 424 98 286 216 451 309 163 126 223 398 261 420 249 165 91 493 
495 103 380 403 265 26 58 368 191 18 48 398 353 498 408 402 129 163 112 162 347 385 477 133 402 267 277 399 71 126 181 299 262 168 499 235 334 467 297 483 24 256 59 387 25 347 493 164 247 357 
69 30 259 133 267 157 213 76 171 422 451 199 272 332 481 499 311 277 312 476 176 360 226 265 10 410 181 110 244 210 128 124 35 473 175 301 85 434 39 245 450 262 59 163 458 120 37 11 321 496 
105 422 32 85 131 78 233 8 161 467 479 367 89 214 476 75 231 272 202 383 203 407 116 229 136 417 464 367 201 304 180 462 148 459 161 165 277 334 50 149 424 362 314 171 449 67 420 433 64 230 
242 217 335 419 421 146 6 498 191 153 210 383 375 275 302 364 96 258 341 316 237 279 128 420 335 474 222 326 438 53 322 452 295 424 131 411 181 226 317 209 248 498 127 263 53 233 336 490 480 57 
235 139 175 235 368 211 125 213 156 142 162 225 286 38 307 26 461 346 268 297 101 148 223 418 442 283 75 297 250 25 18 374 303 497 339 429 248 131 96 481 22 454 66 342 228 73 108 34 259 349 
223 142 266 486 115 120 154 310 454 94 109 310 296 16 469 198 231 240 163 287 79 311 20 451 424 404 228 111 431 172 346 432 328 31 317 450 355 44 156 438 220 486 406 214 205 287 394 191 45 374 
494 65 293 119 295 436 100 349 290 281 352 381 458 27 125 85 392 287 369 380 362 296 278 78 494 82 73 263 408 346 148 87 251 215 22 78 104 361 156 157 84 441 454 99 399 215 496 263 239 451 
424 234 98 348 192 470 124 208 353 433 17 297 88 121 54 461 98 70 356 344 240 141 297 452 29 140 67 456 82 34 384 147 42 271 254 55 341 138 113 52 355 271 292 188 454 455 105 141 490 309 
50 53 252 101 265 106 317 336 402 423 385 271 254 500 412 35 217 121 172 396 151 409 327 344 105 238 73 343 255 499 377 259 63 468 113 243 353 54 183 175 83 435 436 36 12 206 193 441 113 349 
172 238 123 300 380 266 390 118 455 428 221 418 160 209 300 335 243 48 27 439 280 8 74 260 146 289 157 445 36 332 309 330 80 271 25 52 97 290 362 342 374 438 335 90 363 166 275 340 180 356 
259 247 44 434 452 41 25 489 108 249 360 321 63 390 117 64 455 83 88 245 114 146 285 444 142 226 495 234 370 387 79 112 481 62 159 206 369 483 378 49 112 324 398 163 193 238 159 92 375 304 
374 67 208 202 239 43 460 441 273 280 212 493 256 433 151 54 114 319 234 352 403 180 40 419 132 248 411 326 327 125 253 348 158 367 334 78 344 459 495 255 266 337 36 219 134 375 139 410 246 446 
153 73 278 274 319 30 349 407 311 17 78 143 211 210 428 178 205 158 178 395 254 348 435 40 378 478 404 170 9 423 384 417 107 68 441 261 164 434 227 116 364 250 289 186 358 168 55 62 173 230 
299 162 484 88 43 484 111 153 235 445 256 371 406 9 88 462 234 203 426 103 234 372 219 408 25 72 195 103 116 150 155 33 279 242 200 166 67 479 402 305 46 65 273 496 368 472 209 424 400 409 
321 21 47 376 119 244 471 181 250 347 147 253 186 249 378 396 98 87 414 200 417 295 358 347 317 290 64 184 181 289 103 378 354 329 309 447 11 412 136 248 129 13 79 172 493 33 266 307 260 36 
46 183 239 141 302 257 198 126 236 30 357 294 349 34 329 385 457 372 400 240 398 255 259 188 327 221 340 483 474 296 227 295 236 420 259 265 139 65 357 68 9 122 455 137 206 79 437 434 278 11 
279 177 214 334 430 292 442 228 67 160 344 57 434 393 222 215 165 393 421 7 68 228 350 492 299 362 456 96 294 247 8 227 343 295 86 269 272 129 405 267 396 96 297 343 492 397 367 277 108 25 
169 366 273 460 352 47 272 477 106 484 374 471 16 421 397 424 99 448 80 497 364 250 80 45 153 262 364 278 321 442 133 341 65 183 195 234 338 47 500 76 25 224 102 299 407 422 49 181 410 41 
160 450 258 80 217 62 28 13 208 71 188 436 110 128 360 192 403 303 220 73 296 102 60 198 434 18 343 426 123 135 96 175 400 43 489 13 285 373 495 418 239 227 478 229 110 189 251 312 66 85 
358 333 128 235 149 449 316 227 460 395 312 90 411 251 211 204 138 60 348 99 497 476 198 343 253 438 302 378 216 243 21 309 76 69 159 57 446 205 459 463 441 360 114 213 367 197 239 247 443 90 
500 148 368 270 264 402 65 52 483 44 100 326 429 373 486 277 112 372 231 16 196 353 289 498 52 146 313 498 433 398 210 426 329 259 154 68 116 182 229 323 290 352 325 136 229 466 320 366 365 6 
211 269 322 267 342 422 121 453 431 403 139 472 477 488 39 330 279 246 262 72 382 211 336 498 101 435 230 352 259 31 85 256 456 500 93 179 399 431 222 79 83 125 193 451 146 160 223 117 74 326 
134 448 357 62 231 373 42 44 274 437 104 192 32 270 172 400 459 199 419 87 78 7 17 213 488 220 299 141 36 217 288 493 178 73 346 461 479 437 251 224 226 237 500 224 438 237 494 395 100 289 
280 299 87 120 331 292 162 393 355 397 177 144 431 59 176 160 463 487 84 166 450 158 277 143 481 466 87 151 287 106 274 91 94 424 309 480 443 345 300 57 441 478 259 89 140 84 406 369 484 460 
352 296 423 350 293 341 416 363 243 491 344 57 220 289 495 247 236 422 396 222 415 91 36 13 17 484 41 36 222 18 421 291 442 367 495 130 346 344 490 333 19 251 230 83 27 69 106 343 68 182 
123 180 263 292 112 283 15 386 383 378 232 76 424 479 141 66 104 394 203 318 188 258 97 110 448 429 107 275 322 342 264 5 310 275 176 372 389 46 177 240 429 428 244 71 417 22 285 55 159 128 
448 142 334 328 300 28 367 480 273 153 21 374 164 6 232 135 437 424 194 437 132 263 215 354 430 165 221 427 490 134 311 291 149 85 435 143 64 113 299 371 371 91 202 25 104 322 474 91 200 446 
341 226 119 88 80 61 403 98 179 196 227 215 309 266 489 334 169 312 121 47 157 11 364 291 178 163 73 21 201 129 191 278 247 414 42 349 110 245 478 379 419 373 372 187 72 182 23 101 203 205 
166 421 366 98 253 307 365 74 479 105 201 169 190 303 394 451 392 353 120 277 218 14 452 178 464 349 410 10 481 430 49 350 74 196 7 343 354 289 366 328 315 395 60 180 192 61 495 338 21 393 
241 401 345 51 165 104 388 351 181 27 430 381 306 125 206 118 494 491 77 478 99 398 123 441 408 172 375 376 486 404 324 12 277 325 64 155 330 237 332 473 279 409 108 6 58 14 316 376 23 177 
234 295 140 176 462 288 475 429 450 89 416 91 405 457 253 138 39 435 80 460 204 446 307 219 438 136 273 436 48 125 275 434 479 236 118 195 328 206 109 80 272 482 168 213 296 374 84 141 393 303 
19 394 416 352 259 228 15 169 44 280 278 452 474 6 237 479 258 5 456 252 418 308 131 215 269 302 54 478 449 376 265 488 207 192 242 278 252 454 287 42 445 319 32 257 127 46 451 480 67 427 
450 370 353 367 326 232 110 32 432 488 421 361 479 422 6 371 168 415 461 114 478 115 167 260 410 367 131 151 77 53 276 195 98 380 406 15 112 84 209 455 261 352 27 244 160 410 244 207 83 21 
379 210 177 93 204 340 302 170 364 36 338 310 146 69 385 474 19 256 133 298 140 237 258 174 416 457 19 54 148 45 442 39 102 475 117 309 166 197 52 123 314 440 116 442 231 131 230 158 249 259 
37 120 423 436 329 221 254 267 26 400 76 353 222 140 304 335 250 176 242 344 16 211 136 260 230 466 25 385 53 224 117 499 243 472 110 21 347 46 66 62 166 56 36 124 6 95 392 397 485 108 
477 172 212 282 98 136 449 200 34 298 434 81 127 467 475 267 55 492 184 159 489 214 176 317 152 60 326 311 152 434 110 323 428 322 143 387 71 40 269 78 264 61 100 393 498 313 169 254 108 189 
286 62 310 467 159 157 197 176 337 439 263 96 493 286 116 140 239 309 455 27 252 23 185 104 230 22 268 496 265 382 41 23 258 355 106 478 333 208 237 427 150 428 402 30 55 101 66 280 283 140 
393 44 338 485 82 233 313 120 290 40 363 8 327 471 339 377 257 50 122 237 340 426 242 244 394 24 118 146 173 256 130 392 356 488 251 439 296 181 8 439 94 323 330 115 106 81 153 351 235 470 
287 243 185 26 378 307 158 171 430 100 14 107 498 404 478 27 305 231 104 241 47 145 39 79 265 396 88 344 66 300 177 465 131 114 192 319 99 26 299 90 72 435 180 294 224 298 371 407 14 83 
16 246 499 413 429 244 428 110 222 273 75 50 13 306 58 262 114 326 497 155 270 448 200 327 378 360 110 215 410 454 457 96 187 398 196 293 460 342 11 330 148 367 206 291 449 498 20 197 314 371 
162 248 64 467 401 410 370 288 282 150 134 220 189 147 404 149 365 87 255 103 472 406 328 460 338 429 192 309 148 223 139 414 173 165 406 300 116 203 181 356 392 300 164 420 440 297 298 57 75 203 
