7 9 41 15 43 39 13 7 19 13 7 26 27 9 44 46 47 21 44 50 39 14 49 11 20 48 44 46 31 23 23 41 46 49 12 37 28 28 12 6 43 23 48 31 8 20 39 23 27 14 28 16 11 39 47 22 36 11 13 25 33 47 32 17 12 31 38 36 50 12 44 36 19 6 30 45 35 43 36 36 33 48 20 33 26 34 41 48 38 39 50 32 22 32 15 42 13 24 40 47 
19 50 5 36 32 45 21 26 28 44 35 13 10 12 18 50 19 21 35 49 35 17 35 10 11 22 8 15 38 31 24 30 42 28 36 14 19 9 10 26 25 17 27 24 27 17 42 26 34 36 50 48 31 49 40 31 37 17 23 39 31 16 38 32 14 38 13 10 27 40 6 43 16 11 42 22 20 32 15 5 39 26 16 38 6 14 45 32 16 24 35 31 24 43 14 28 7 21 22 19 
48 26 9 8 31 45 7 19 6 44 6 22 5 11 49 45 38 21 31 46 12 46 13 18 16 27 7 48 48 21 33 31 32 38 37 24 6 12 37 36 25 12 10 40 43 9 21 42 11 40 7 38 48 30 42 24 22 29 26 22 24 24 34 39 18 25 13 20 19 29 33 16 31 16 19 28 34 24 22 13 9 33 46 9 22 29 42 10 6 38 41 24 39 8 37 26 35 8 15 6 
10 28 36 16 44 12 41 25 14 32 8 15 7 6 10 9 29 16 41 38 23 44 9 47 43 49 6 8 9 9 45 20 7 31 38 42 37 37 14 20 14 21 17 43 12 10 42 6 22 24 19 36 21 14 46 5 22 42 17 31 8 34 32 7 35 22 45 35 20 10 9 26 23 39 35 17 9 13 34 38 22 39 26 18 45 14 11 23 36 14 31 38 22 32 37 34 11 19 26 22 
49 45 18 33 40 14 45 44 26 9 10 49 44 24 9 12 50 34 39 46 23 23 43 27 8 42 10 37 31 25 30 19 46 21 20 16 25 14 17 48 19 14 16 13 6 20 39 20 10 13 20 13 46 7 26 36 48 15 41 24 11 38 18 6 13 22 35 47 36 25 26 13 34 35 6 38 50 47 27 50 42 17 6 45 14 5 41 7 46 18 30 40 20 24 49 18 11 28 17 11 
11 50 15 36 45 46 49 25 35 36 31 8 26 27 46 16 15 16 19 29 49 31 32 40 49 33 8 13 35 21 5 6 27 5 21 42 32 8 14 17 9 21 10 45 18 28 28 43 19 6 14 33 8 18 50 33 18 13 34 8 5 22 22 15 29 23 36 11 46 47 20 23 31 11 32 20 50 40 37 50 23 16 22 42 16 47 38 49 8 28 41 33 48 30 14 17 43 19 11 39 
47 39 11 15 14 34 36 29 38 28 32 34 23 37 48 49 8 38 49 11 43 35 36 20 14 20 24 42 27 37 9 32 13 10 20 36 35 26 14 28 10 32 27 36 9 38 7 15 47 46 27 14 47 18 15 27 18 39 50 35 23 11 31 44 13 22 42 6 14 31 28 14 38 19 25 31 9 10 35 22 18 31 25 47 18 10 49 20 15 40 25 21 9 17 16 46 21 44 14 35 
24 27 49 38 26 15 31 48 49 45 12 38 30 9 45 49 39 15 12 10 13 50 42 48 36 39 30 40 34 20 33 32 44 19 24 39 40 42 26 16 39 30 48 30 27 45 13 8 25 43 10 8 27 10 19 36 32 8 18 7 37 48 11 40 27 29 6 35 8 5 23 35 30 49 35 31 48 13 34 10 12 15 22 6 39 31 26 48 31 5 16 8 27 39 10 43 37 10 10 40 
45 10 15 13 12 38 31 44 29 8 50 47 35 48 47 10 41 19 31 46 25 13 10 13 16 45 40 28 49 6 5 8 49 29 37 31 29 27 49 6 33 16 50 13 21 37 9 33 32 34 21 12 32 35 34 50 23 14 30 30 26 48 24 21 21 49 48 12 46 48 11 46 50 34 38 35 31 6 15 16 47 45 35 50 31 46 32 46 26 25 14 36 6 40 48 8 7 7 18 30 
17 6 12 30 33 22 40 17 17 38 39 26 14 24 38 27 28 6 32 27 28 47 34 42 6 21 38 15 9 33 28 27 45 12 38 39 15 42 35 26 25 17 8 24 10 6 25 24 41 13 46 8 42 27 31 42 24 30 31 12 9 26 19 42 29 9 38 50 27 29 26 36 39 45 16 14 27 32 49 17 20 30 8 21 36 32 34 21 21 26 39 26 49 43 20 45 19 38 14 32 
47 18 33 24 20 47 26 14 15 45 20 43 32 43 20 22 42 47 33 25 25 43 17 9 24 21 26 21 20 5 40 25 6 42 23 13 11 44 25 35 29 30 29 14 31 45 22 41 29 12 38 34 42 46 31 48 15 7 23 15 25 40 14 27 26 48 37 8 32 22 48 23 24 45 20 12 33 18 40 37 20 9 47 19 39 10 31 8 5 15 47 5 16 20 48 25 8 41 21 6 
41 11 8 35 27 18 50 50 13 32 24 43 17 39 25 36 20 33 31 20 38 31 28 15 13 14 6 31 10 24 24 19 18 6 44 11 37 28 48 32 23 12 42 45 23 35 7 5 7 27 6 30 42 25 40 31 6 5 42 39 26 38 40 7 35 21 47 44 11 11 29 41 27 28 44 8 10 49 37 43 36 39 22 18 9 17 18 43 22 27 41 23 42 8 13 23 5 31 12 35 
8 11 12 10 41 10 14 28 30 18 7 8 45 36 25 11 39 31 14 17 30 21 17 35 10 36 27 40 25 43 7 37 32 21 17 26 25 39 18 27 34 19 21 43 43 20 41 29 47 21 29 15 47 48 21 35 26 33 18 26 35 37 5 14 21 14 45 17 50 37 34 18 13 33 31 23 13 44 36 31 29 32 14 18 27 21 45 13 9 17 45 29 28 27 10 13 38 11 48 46 
10 50 39 7 19 49 46 31 22 46 50 14 12 29 23 22 23 19 15 32 31 29 32 30 45 14 17 6 41 19 49 11 15 47 15 49 28 5 25 18 39 5 10 19 31 20 50 9 48 16 10 45 14 8 16 31 29 34 46 9 20 12 36 33 16 10 28 22 36 10 40 44 9 49 39 43 15 24 35 33 26 34 42 49 10 31 28 15 46 34 10 27 18 46 5 19 20 21 7 7 
31 6 7 6 46 21 6 21 20 43 27 37 37 33 48 47 29 15 41 31 45 25 18 35 15 37 46 46 31 12 26 14 26 27 24 45 16 33 41 20 25 23 33 8 10 44 26 20 48 18 29 27 22 8 11 20 20 41 25 8 50 20 26 30 22 18 38 35 26 8 22 9 34 13 38 9 19 29 33 22 15 33 46 10 22 36 47 20 11 23 31 32 14 18 35 32 29 39 10 14 
17 18 9 22 16 23 7 21 44 36 19 21 29 26 13 32 17 49 15 37 11 50 42 35 15 42 27 29 41 36 23 23 7 45 29 44 43 19 32 42 38 36 7 10 41 8 19 6 37 32 21 25 6 47 13 12 41 29 13 48 37 41 47 28 39 23 6 26 19 21 39 17 8 29 29 27 18 21 17 41 10 21 8 23 22 33 46 15 43 50 26 14 49 9 30 40 16 9 31 5 
26 13 14 42 23 42 30 11 39 29 49 36 31 14 37 14 28 37 45 29 26 27 35 11 18 21 35 31 41 47 8 13 34 14 30 25 19 28 14 25 45 36 50 9 27 6 38 21 42 15 41 21 9 16 19 29 15 44 16 10 50 39 6 33 24 22 16 13 49 41 46 43 27 20 21 22 32 38 21 12 7 38 21 5 18 40 5 39 30 19 11 34 21 28 40 47 17 44 31 40 
39 37 26 37 15 50 26 7 15 47 47 15 12 39 43 33 34 35 16 33 18 44 7 13 10 37 20 36 47 28 45 7 41 18 48 40 19 9 9 35 41 25 14 8 21 42 7 38 23 34 11 13 38 12 44 14 13 34 19 35 38 13 49 35 28 46 12 27 13 23 16 9 23 44 44 18 34 23 34 28 26 49 34 43 13 16 26 7 23 45 49 45 20 28 7 8 38 47 46 35 
37 50 22 18 8 31 11 13 37 46 48 40 39 20 11 22 44 40 12 13 5 23 35 17 34 23 44 16 40 46 14 29 12 48 25 17 9 35 20 22 49 16 41 15 23 24 32 9 36 14 45 50 29 7 46 41 22 21 14 18 21 11 24 42 35 8 9 48 21 36 45 16 5 24 25 44 10 29 38 16 38 45 21 38 27 24 25 24 12 15 34 5 5 16 18 24 43 15 34 9 
32 45 38 39 32 46 24 7 8 20 12 48 19 15 27 14 34 34 49 18 5 9 26 21 34 8 42 5 33 46 21 11 27 40 24 21 50 43 29 15 34 45 9 50 14 26 33 11 12 10 42 32 28 43 6 10 16 40 16 9 46 46 5 12 33 19 36 35 13 47 14 32 28 12 49 50 34 21 7 50 43 30 20 38 28 43 11 10 10 21 37 20 31 20 50 11 37 49 39 39 
49 7 43 50 37 45 39 38 18 7 47 47 50 46 30 35 14 39 41 19 11 45 30 48 46 41 15 35 49 37 29 37 30 50 44 18 19 19 29 32 6 47 42 5 16 24 18 46 50 5 40 7 35 8 40 17 32 12 32 19 20 24 39 45 43 8 48 40 48 31 30 45 27 31 28 20 37 25 28 18 25 9 50 28 34 35 41 5 37 43 11 5 5 29 7 21 34 33 45 35 
16 36 40 5 9 41 17 26 22 22 21 10 24 15 25 50 9 18 50 24 11 5 38 35 41 16 44 7 45 8 18 41 44 36 42 49 7 40 43 32 10 39 41 38 29 26 28 8 6 14 14 13 28 29 43 22 25 30 18 16 43 14 9 36 33 34 50 18 18 22 44 44 39 45 10 23 33 34 43 45 16 10 20 33 37 24 22 35 46 30 22 44 9 32 30 50 16 19 17 29 
19 27 41 25 46 39 37 7 37 34 14 40 21 27 22 6 30 23 36 28 49 8 47 40 12 22 31 23 44 37 23 46 8 25 30 16 19 22 24 21 34 12 25 24 47 9 47 27 7 8 17 34 12 12 25 46 23 19 15 23 16 20 25 44 23 35 21 35 15 13 30 37 23 22 16 47 42 16 10 40 49 44 41 12 20 43 17 15 10 30 20 15 47 30 45 43 14 31 34 7 
29 28 47 37 24 44 42 15 48 24 23 13 17 21 26 5 37 17 19 6 11 17 42 39 37 16 33 25 16 10 11 14 39 33 42 45 50 42 25 39 5 28 40 16 20 14 42 6 43 25 37 31 43 5 50 22 8 13 48 35 5 29 13 29 31 30 5 17 7 15 21 15 12 33 19 6 22 18 41 34 37 8 30 16 25 37 43 22 12 46 39 45 39 5 22 50 47 5 21 45 
8 44 6 21 35 13 17 28 40 12 42 24 24 16 25 40 10 10 24 11 37 45 41 41 12 29 48 5 13 45 15 22 9 28 25 19 37 5 21 50 31 38 12 23 24 13 44 25 18 36 45 33 14 25 48 15 23 38 49 10 8 19 45 19 24 45 6 45 5 50 50 28 17 6 38 23 23 49 37 49 14 16 39 12 39 40 37 5 26 40 40 12 9 33 39 40 31 36 34 13 
23 34 34 20 33 38 36 37 11 36 41 18 19 43 25 24 14 22 9 7 18 47 48 11 38 30 6 29 41 35 35 5 12 45 24 14 7 41 22 6 13 37 33 41 39 47 43 45 49 46 49 45 8 41 31 13 37 15 36 39 37 5 12 6 6 30 43 13 13 13 48 21 25 30 44 8 16 38 26 32 9 50 44 20 38 38 6 9 17 12 40 37 47 34 47 49 18 14 6 33 
22 11 14 50 15 27 14 19 25 18 37 46 33 8 29 17 23 24 26 6 22 49 31 35 24 20 10 31 9 45 27 13 6 29 6 8 25 25 14 21 14 38 32 42 47 25 37 12 22 5 42 41 46 16 35 9 42 19 11 11 31 25 29 32 23 29 27 36 33 6 37 20 15 38 50 7 40 32 46 15 49 22 42 20 24 45 49 45 41 50 22 21 15 12 46 33 23 27 42 22 
27 14 23 21 14 43 38 22 36 48 30 14 37 37 42 45 17 32 27 29 19 16 37 17 15 12 24 32 24 11 10 17 13 20 16 10 22 21 29 33 11 49 11 34 8 11 8 42 45 48 34 5 32 38 49 12 23 11 46 22 12 12 39 34 23 18 19 46 41 44 27 24 48 45 43 37 32 8 40 41 39 10 14 12 19 19 11 11 19 32 46 45 31 7 10 7 40 40 47 25 
18 10 48 20 22 14 41 26 29 50 44 16 19 29 5 18 46 25 44 13 28 28 9 39 9 17 14 36 5 43 38 48 28 31 31 10 46 8 5 23 31 24 40 35 12 26 20 17 38 23 19 21 24 19 20 43 11 13 47 18 23 44 15 42 36 16 43 14 39 49 41 24 38 30 10 39 40 40 11 38 34 38 44 31 6 5 16 31 24 34 33 8 35 45 17 33 48 17 43 43 
37 24 37 22 40 11 25 30 39 23 27 31 17 37 32 12 41 9 27 25 10 30 44 29 49 7 27 21 45 46 17 28 31 40 48 36 25 10 46 23 10 18 22 31 12 46 15 29 23 44 10 44 26 10 40 27 45 8 12 20 15 23 9 14 9 37 34 20 8 30 17 21 20 14 30 33 33 37 33 14 24 17 44 40 7 20 40 16 17 7 48 42 22 26 23 9 34 50 18 42 
47 30 17 47 31 12 39 20 12 23 38 17 5 49 28 40 17 13 9 40 39 7 15 29 46 23 47 15 50 24 38 23 28 13 48 44 9 50 15 10 37 32 29 36 22 45 21 6 17 49 9 47 29 40 24 43 41 36 11 29 34 34 45 19 31 23 22 17 31 50 12 35 48 26 48 34 19 6 10 29 6 24 24 22 17 33 17 46 11 36 28 12 16 50 13 18 18 38 21 5 
47 29 23 34 25 19 37 44 21 10 49 5 33 8 32 35 18 21 16 36 18 43 8 37 21 21 21 46 19 40 48 26 33 27 45 36 5 5 34 48 25 13 28 33 20 20 29 7 25 36 19 25 31 34 7 21 50 22 12 22 34 33 27 5 12 25 42 42 27 23 5 34 6 43 31 9 41 32 47 13 30 45 49 30 31 16 34 27 41 30 37 13 17 9 41 29 9 7 41 49 
21 35 21 42 6 6 13 44 50 18 12 36 33 45 25 45 18 8 9 16 48 6 42 5 28 32 48 36 15 12 37 14 40 18 39 39 40 7 41 34 48 40 25 19 11 31 20 28 24 30 33 21 23 35 49 27 29 41 13 40 22 13 11 16 30 15 13 35 23 11 5 20 21 24 35 37 36 37 47 35 14 19 21 45 22 44 5 20 16 27 9 50 35 31 38 23 6 9 28 24 
16 5 16 36 8 46 10 41 18 21 24 13 36 46 41 45 28 23 29 13 31 38 23 43 17 11 42 22 32 17 36 42 24 34 31 12 40 37 25 23 49 26 41 32 12 15 27 22 42 12 26 42 33 19 31 19 21 42 11 12 49 29 45 21 39 32 30 19 41 38 43 30 43 11 8 34 26 26 47 23 17 14 43 21 47 15 8 45 39 44 31 46 18 28 35 17 46 50 15 5 
9 30 31 18 47 29 28 7 19 16 48 16 8 27 10 18 23 27 5 34 21 40 27 15 27 48 15 26 30 32 41 33 11 47 38 17 16 13 31 17 25 22 39 43 41 33 43 48 37 31 50 36 26 46 39 42 42 31 14 43 42 37 21 37 25 43 31 45 49 15 24 38 10 41 36 39 35 32 27 42 20 49 13 38 44 23 30 14 33 11 35 41 24 46 6 41 42 41 23 19 
36 6 37 9 35 47 18 23 15 16 8 27 8 7 20 29 33 11 26 48 49 5 29 32 36 6 31 36 25 43 44 6 22 18 15 7 21 49 38 42 22 41 46 11 32 23 20 41 26 36 22 20 6 45 20 29 28 15 7 43 43 26 40 47 26 32 8 23 42 48 29 27 47 49 10 14 31 46 34 25 50 45 16 49 8 26 10 5 33 31 7 32 10 16 50 24 36 8 41 21 
39 33 45 23 44 18 9 14 41 21 23 44 13 28 50 14 18 39 40 32 35 36 33 36 34 20 8 5 42 46 23 41 6 49 8 16 13 40 27 41 50 26 23 10 17 50 11 46 34 29 48 30 7 40 27 14 25 16 5 38 8 27 22 20 40 8 15 39 44 47 30 31 50 39 21 22 40 10 21 41 17 42 41 15 20 6 31 33 33 5 48 5 49 39 10 20 21 22 47 28 
14 16 24 41 26 45 14 43 21 49 40 15 36 8 34 29 39 7 32 31 21 10 29 37 32 45 29 41 31 40 38 14 37 29 24 24 48 40 35 9 40 6 18 23 31 8 7 35 13 19 28 8 13 24 15 17 22 45 24 18 26 37 16 24 19 36 37 44 32 7 47 28 15 13 24 9 34 15 37 46 10 28 38 5 44 30 39 43 46 24 8 42 12 25 30 35 31 37 28 22 
42 17 13 28 42 49 33 8 32 19 22 35 15 26 50 44 12 12 30 25 18 36 22 36 43 41 40 6 35 20 31 44 17 15 29 5 34 34 24 39 6 32 40 26 42 39 36 39 20 33 14 49 5 46 47 20 8 16 13 18 22 11 40 14 40 14 33 44 13 9 6 13 39 18 23 16 16 5 48 6 50 10 28 44 22 34 15 31 26 44 50 5 41 26 45 44 48 37 34 28 
16 32 38 5 45 7 7 24 6 44 26 21 37 14 45 22 45 27 7 17 29 20 24 38 37 10 49 50 12 36 15 14 47 5 24 7 15 48 39 11 35 26 25 24 26 21 45 20 14 33 35 18 30 15 17 30 36 27 11 30 7 48 47 33 6 24 10 17 32 18 15 41 19 7 47 29 7 11 30 15 26 28 42 11 35 21 22 28 25 44 21 45 32 24 15 49 27 28 27 34 
12 33 26 39 26 50 31 40 49 31 49 47 29 34 47 36 42 44 27 35 27 48 27 6 6 22 15 20 19 14 40 32 11 49 8 7 37 20 49 31 49 35 25 30 6 29 26 24 26 15 31 24 37 41 24 39 9 40 11 23 23 40 6 5 47 49 29 21 24 5 45 39 48 38 30 9 6 13 27 46 36 34 21 38 27 42 8 10 19 13 47 39 13 49 28 9 38 35 18 24 
5 21 10 13 41 45 27 40 32 19 27 31 28 43 14 42 25 30 50 47 6 11 31 42 42 27 26 26 28 24 42 48 40 35 32 15 37 39 39 32 44 28 19 29 18 19 26 16 24 19 11 33 29 39 22 40 37 13 30 34 43 28 43 19 14 43 34 42 23 40 43 10 47 11 33 18 17 25 37 37 49 19 19 18 34 5 21 24 48 46 44 14 19 38 29 21 50 20 25 37 
19 39 39 45 12 15 7 11 37 35 37 13 50 33 37 28 50 12 12 41 6 23 30 7 35 30 37 22 11 32 38 5 42 30 46 50 36 27 40 32 16 8 16 22 17 11 22 12 28 7 43 50 32 18 28 18 8 8 32 14 40 34 6 29 43 5 21 8 12 16 15 20 22 20 6 41 16 48 48 23 20 20 15 6 12 47 34 28 44 46 39 42 7 28 20 37 18 49 23 29 
7 43 41 21 28 18 30 49 27 15 34 11 43 10 28 32 8 18 21 36 17 36 41 27 12 38 45 28 31 9 7 22 41 17 34 9 31 37 38 44 33 27 48 24 19 16 34 42 47 43 33 18 11 19 45 44 48 42 9 18 47 35 16 48 46 42 16 35 18 40 32 44 29 49 30 14 17 11 38 26 30 48 45 17 5 34 35 9 29 40 49 41 48 5 34 29 30 42 12 19 
22 33 34 43 9 25 49 24 11 27 30 21 22 13 35 26 30 28 27 26 35 43 42 30 34 5 5 32 12 34 19 5 39 27 42 18 30 47 32 29 13 47 31 41 39 36 20 36 35 6 27 15 42 15 21 9 24 30 45 10 46 13 33 40 28 15 11 15 49 27 22 28 11 20 28 46 20 35 36 5 49 48 34 20 26 43 45 40 20 35 29 24 38 35 28 37 34 50 40 31 
23 34 20 11 28 5 17 32 29 33 32 34 8 32 48 14 47 46 33 6 48 50 13 18 16 20 13 19 49 30 23 30 35 10 25 41 50 9 33 43 37 36 46 30 24 44 37 41 49 36 33 17 47 31 34 12 36 12 34 38 14 10 47 45 44 37 22 47 14 36 38 23 41 6 42 28 24 8 30 21 37 45 39 17 44 32 42 15 18 22 30 8 32 44 22 7 14 49 42 16 
29 16 45 42 34 39 37 33 29 50 25 45 41 24 8 18 50 21 23 41 11 17 5 43 33 17 38 44 48 22 26 48 41 31 14 12 37 25 35 46 8 29 29 40 43 47 17 22 25 17 29 30 22 10 36 48 31 28 10 16 32 19 38 33 19 48 29 19 46 13 25 46 18 11 47 21 16 11 16 23 49 14 15 27 29 17 32 12 45 38 25 10 30 44 12 33 37 23 26 47 
18 40 20 44 36 44 20 21 40 36 38 13 19 43 33 15 32 10 20 8 31 18 49 37 16 17 15 31 27 10 15 8 20 33 30 37 11 32 27 34 25 19 45 29 12 9 45 16 32 7 10 5 35 47 48 14 13 5 45 43 44 27 15 29 18 42 26 32 25 13 14 22 37 32 42 7 7 38 35 40 18 23 26 5 32 6 17 42 34 6 38 6 35 11 5 31 20 24 11 36 
47 32 12 45 35 5 50 27 7 43 28 28 44 25 18 46 9 35 39 41 44 44 13 43 21 13 15 49 11 40 34 13 46 6 49 17 8 23 28 6 29 48 45 24 49 16 9 23 50 6 20 46 15 17 13 5 49 42 39 14 26 38 12 28 36 27 39 12 45 38 28 32 36 41 12 28 8 10 41 16 32 23 33 48 12 50 6 13 26 48 9 28 45 24 38 46 48 11 27 38 
18 44 29 21 22 39 26 37 15 10 45 19 10 12 34 18 28 21 38 22 14 46 26 31 29 27 6 22 17 49 21 49 14 7 11 18 50 10 10 15 47 50 40 6 40 8 32 35 14 36 37 7 41 13 18 22 17 35 6 37 41 34 42 16 8 29 48 10 6 19 15 23 31 43 13 45 26 10 26 39 25 48 24 29 16 47 46 39 44 32 15 34 21 40 12 14 11 35 7 18 
11 39 19 36 13 34 12 11 20 36 42 10 8 24 39 43 27 12 27 32 32 18 15 14 6 28 10 6 10 48 7 11 23 40 10 35 27 32 11 13 8 44 48 9 38 10 17 33 14 15 45 19 49 33 38 18 28 25 34 39 5 41 31 19 45 12 14 21 29 12 45 50 26 40 29 9 34 47 13 40 21 22 28 26 24 46 32 36 10 43 23 44 26 24 41 37 35 41 39 33 
33 37 13 49 37 37 13 49 43 34 28 29 26 10 45 23 27 46 28 42 14 38 22 42 11 10 23 17 49 15 32 45 25 35 36 23 16 8 19 12 5 24 49 37 10 33 49 46 47 46 43 21 44 31 18 8 27 22 23 9 48 17 44 42 26 39 49 32 48 16 22 32 17 22 24 44 40 36 7 26 36 32 6 10 43 33 48 36 14 38 25 29 33 35 37 20 37 38 39 22 
36 29 11 22 17 34 8 24 23 9 39 44 47 44 7 41 37 36 25 38 50 6 40 21 46 42 35 34 15 37 45 12 6 22 20 47 26 47 18 36 19 22 19 14 44 7 13 20 48 26 27 43 26 26 8 39 28 35 13 43 10 24 18 7 46 46 17 32 16 42 32 9 7 16 36 20 13 33 37 17 17 17 48 33 19 23 50 27 29 49 5 12 47 25 25 34 47 38 32 11 
10 27 41 5 20 45 17 21 5 26 27 40 50 14 6 16 46 47 5 10 49 39 12 13 33 30 7 41 50 44 13 32 21 31 39 20 36 47 19 25 22 8 33 9 14 38 20 5 7 37 37 10 23 35 29 36 30 34 10 46 35 12 38 10 13 30 8 11 27 41 25 43 35 41 40 47 36 36 39 17 25 28 34 33 16 7 33 50 5 28 41 27 22 47 19 22 42 8 15 27 
41 29 16 42 27 34 27 20 37 13 25 15 40 46 6 11 6 11 47 14 29 8 28 42 33 14 5 22 34 15 25 20 23 19 16 10 45 18 24 26 44 25 47 25 48 23 15 32 38 27 11 39 11 41 22 13 42 10 19 7 27 36 38 24 48 42 19 31 17 22 10 50 10 47 43 21 46 34 7 29 41 14 43 9 16 41 22 29 38 22 28 29 39 30 16 45 24 46 45 16 
12 14 46 38 22 23 38 44 41 27 13 6 36 37 10 6 49 30 25 26 5 17 17 49 33 42 40 8 13 6 19 22 30 28 11 41 37 18 45 20 35 17 28 14 8 9 27 42 42 6 19 11 26 34 6 8 45 39 15 8 39 7 44 49 18 44 47 6 28 30 33 26 25 22 39 27 28 24 39 49 8 22 8 39 46 48 45 44 13 18 22 49 7 26 32 28 40 26 49 33 
9 45 33 24 34 20 40 23 29 8 41 38 31 21 14 45 50 41 28 16 6 28 16 19 12 29 20 31 31 43 36 18 20 9 22 24 10 49 26 33 47 13 21 30 49 12 25 10 13 33 18 14 32 44 9 26 5 36 36 44 17 29 16 47 16 16 42 13 48 44 17 41 25 10 17 20 23 22 39 22 13 19 15 21 23 18 30 6 40 21 19 49 15 23 38 20 8 35 26 15 
6 37 43 39 36 42 44 49 34 44 31 25 42 48 5 47 26 49 22 18 18 14 28 11 50 13 26 43 14 41 46 9 14 36 19 17 9 24 47 13 8 37 46 46 19 21 43 50 9 32 11 47 29 20 31 7 12 31 13 7 42 45 29 50 9 22 47 47 16 49 21 18 44 19 32 43 22 24 25 13 46 6 35 12 43 36 38 12 44 13 50 29 39 41 10 10 26 32 18 19 
16 11 44 30 17 18 12 37 25 36 22 14 46 21 37 34 42 9 34 50 10 5 13 46 9 7 24 42 40 7 20 20 23 21 47 46 31 15 18 10 29 20 33 13 13 39 32 23 36 37 31 27 11 18 43 40 5 50 18 18 9 46 14 16 27 16 17 37 6 39 15 13 23 33 44 14 11 8 5 35 39 42 17 34 29 14 24 20 11 33 29 6 29 10 6 30 6 8 10 28 
18 47 32 16 43 41 18 21 10 18 5 41 5 17 21 19 17 11 10 35 50 22 29 8 6 40 48 28 14 47 20 25 44 38 47 6 16 24 35 43 32 35 16 35 26 43 11 39 15 19 39 20 34 33 46 32 22 50 34 41 15 49 44 11 23 20 46 7 14 14 7 43 16 16 24 20 43 20 20 18 30 42 39 12 49 22 18 20 9 32 37 42 29 39 38 16 40 20 16 21 
38 41 25 16 16 9 9 32 23 45 46 43 8 21 31 23 7 20 11 13 9 28 21 34 30 49 7 7 14 34 20 29 15 47 45 8 11 37 21 40 35 24 13 11 36 7 50 30 42 36 20 33 15 18 11 5 6 12 50 22 20 16 23 19 34 22 35 37 46 31 11 24 24 31 43 23 50 35 46 43 42 27 17 8 31 9 12 27 9 32 22 5 47 46 12 34 47 36 22 12 
43 32 7 28 9 50 36 16 11 36 41 37 8 32 11 21 26 47 8 10 7 8 49 47 49 16 42 43 46 39 47 20 38 29 50 38 39 26 19 7 29 8 24 44 31 19 25 11 20 18 11 45 44 48 41 15 10 20 47 13 28 48 10 12 34 13 7 15 43 32 13 43 19 13 30 19 36 41 22 36 43 15 32 10 40 27 32 19 12 5 5 8 43 39 35 7 21 25 17 38 
46 20 20 34 48 27 31 21 14 21 46 35 13 7 22 10 44 11 48 32 40 32 30 16 47 43 16 28 29 20 7 27 44 22 27 31 12 13 46 16 8 18 36 23 7 46 6 48 18 44 9 10 38 10 6 42 48 13 14 20 46 12 10 38 5 44 46 14 34 19 31 36 28 48 44 8 39 50 9 45 29 25 44 15 19 12 29 45 42 15 17 36 32 39 22 19 19 24 45 12 
17 30 10 45 14 28 9 5 38 44 16 42 24 47 42 44 18 10 36 32 42 25 25 10 22 22 19 28 40 11 23 29 27 14 48 33 26 11 24 46 25 36 26 39 43 37 31 37 49 23 37 28 44 6 25 12 34 37 20 28 8 45 36 41 49 10 21 34 13 45 24 48 43 31 46 32 36 35 48 30 22 42 17 46 45 30 41 41 18 26 45 5 39 39 48 32 6 40 35 36 
49 32 47 28 8 47 34 11 11 5 24 38 33 20 42 13 12 44 16 44 25 24 17 39 7 25 23 43 40 12 11 7 47 43 36 22 41 6 26 33 7 31 29 43 34 11 47 43 25 8 5 46 31 36 37 49 5 6 9 8 35 40 27 25 47 9 34 43 15 17 44 14 19 41 8 10 33 38 32 20 19 44 46 17 31 15 10 44 40 11 31 19 26 46 30 32 14 11 9 35 
31 35 32 34 8 27 12 36 17 41 43 5 16 7 29 47 42 25 47 12 24 48 46 11 16 27 40 19 15 14 43 18 33 9 33 29 41 17 25 16 40 6 16 10 29 26 40 35 33 32 48 42 50 41 45 38 28 12 48 42 23 27 18 23 8 36 15 47 31 40 44 46 36 13 11 21 17 21 31 27 44 49 28 30 42 48 22 39 47 25 38 16 24 7 22 48 18 11 15 26 
31 17 45 44 48 14 40 42 38 33 6 34 41 7 17 21 29 41 24 35 50 28 17 37 31 42 13 16 13 38 36 30 42 38 37 30 21 50 44 26 21 25 16 37 27 20 24 15 36 17 34 12 22 23 43 16 41 43 21 21 49 35 23 34 21 26 38 27 50 12 43 33 5 16 40 21 22 45 33 30 46 41 12 25 24 7 41 48 41 12 48 6 27 26 37 44 21 41 49 25 
22 33 45 28 22 17 13 22 35 9 9 22 28 6 6 32 50 30 46 30 20 39 20 39 44 19 10 6 11 20 44 14 6 39 32 43 13 36 35 24 41 29 12 11 41 26 9 39 28 13 20 20 28 37 28 23 7 17 9 32 31 6 6 34 38 39 31 13 17 21 16 8 21 13 35 31 20 39 34 15 23 49 44 10 45 22 9 17 12 30 35 50 16 37 42 34 43 19 9 12 
26 38 32 35 41 50 25 12 9 22 40 32 40 18 29 33 6 10 36 20 27 50 33 42 8 12 22 22 27 28 21 42 30 49 50 17 18 42 28 38 44 32 24 46 41 42 32 24 23 14 38 41 9 36 8 43 40 50 26 34 16 36 49 5 50 21 10 18 39 47 39 22 50 48 42 12 40 29 46 47 7 15 17 8 10 49 27 26 21 25 41 23 31 39 28 48 37 11 17 48 
44 11 27 25 38 49 32 24 24 33 45 5 45 49 23 6 29 28 45 27 14 19 35 36 25 11 26 26 28 18 41 11 10 38 36 29 25 25 49 32 33 25 7 27 12 7 20 38 14 34 35 9 31 38 42 36 22 26 20 42 10 10 37 22 8 49 17 27 39 38 46 49 40 6 32 16 33 28 34 19 33 35 41 37 23 10 41 38 26 31 14 12 32 31 19 24 12 14 14 22 
42 9 14 26 7 36 41 40 23 15 26 46 48 13 31 9 46 43 32 5 10 17 8 25 30 46 23 25 36 9 26 13 32 44 35 33 30 31 31 44 20 17 37 33 12 37 36 11 18 26 38 10 10 35 43 12 19 12 12 11 5 29 45 8 18 48 33 13 22 37 16 26 7 33 32 29 39 26 38 23 14 18 27 48 12 41 30 18 45 36 13 30 26 42 36 27 43 33 30 22 
5 29 34 27 6 29 47 24 39 32 39 47 50 18 15 23 33 9 38 49 15 11 37 18 25 26 45 10 43 41 42 48 40 10 12 38 24 24 18 23 31 9 34 40 44 40 13 5 35 12 50 19 49 33 25 37 48 46 24 8 30 10 5 17 36 43 25 46 30 16 21 22 45 11 25 38 14 50 44 13 41 49 33 41 19 20 45 5 8 23 37 42 38 48 35 18 30 7 38 23 
25 39 40 43 26 12 42 19 11 14 44 30 5 18 5 43 31 20 34 35 39 26 8 29 6 19 29 5 37 16 33 22 36 37 14 32 12 13 12 50 10 15 31 31 46 22 28 25 12 9 7 29 36 27 15 28 17 26 23 15 36 46 31 45 20 37 29 20 45 9 15 30 25 46 27 7 49 27 16 17 30 26 49 30 14 36 36 10 6 32 46 22 43 45 37 43 30 15 47 33 
9 34 6 17 24 40 26 49 45 39 39 39 10 39 6 25 47 26 46 24 16 48 10 14 43 27 39 6 46 42 33 8 16 38 6 10 29 27 30 41 5 27 37 11 11 33 8 17 7 49 40 39 39 33 11 7 33 34 48 41 32 6 6 47 34 46 35 12 44 40 50 17 40 33 40 28 38 23 8 38 16 37 24 22 27 19 33 9 16 15 12 15 42 43 8 20 46 25 42 43 
45 18 48 24 10 14 6 26 20 29 40 27 45 33 31 7 15 21 25 44 35 28 32 49 49 8 13 47 13 30 7 15 48 38 42 11 11 37 19 10 48 37 17 49 39 42 35 10 8 14 10 19 21 37 45 46 42 7 19 16 32 35 30 19 46 50 50 23 7 36 26 34 16 6 15 49 27 48 13 43 50 9 45 38 10 40 5 38 36 35 5 32 49 35 35 12 37 44 47 40 
22 18 27 12 32 35 12 34 47 31 11 37 27 28 6 35 30 42 31 17 13 27 26 25 12 15 48 48 47 32 13 26 43 33 8 46 15 12 6 36 48 37 5 15 16 12 7 29 25 26 24 16 11 31 48 18 21 26 36 33 15 39 21 46 5 43 48 23 20 30 18 37 8 8 25 38 31 17 26 36 14 32 5 38 23 20 41 6 21 36 47 32 11 12 14 42 19 42 6 35 
6 25 14 6 13 25 33 44 32 19 8 37 7 16 5 25 49 31 6 38 34 45 26 10 28 8 19 19 29 30 45 15 50 39 50 21 10 44 28 43 16 26 24 17 30 44 48 44 30 34 33 15 30 5 33 11 35 40 13 33 28 22 39 13 15 9 17 15 29 10 38 41 27 8 38 6 9 14 42 28 12 9 30 13 15 50 35 42 15 9 30 7 33 36 23 9 33 13 35 44 
47 25 42 8 15 40 43 30 35 50 12 28 38 43 28 30 5 33 16 48 46 48 28 34 9 16 31 14 17 6 40 8 33 32 20 47 28 19 23 44 5 9 27 21 28 15 23 20 5 6 13 36 21 42 47 23 19 5 50 35 17 20 41 26 44 31 30 24 17 46 37 25 14 28 43 5 11 13 21 22 31 44 48 32 42 20 23 36 9 31 27 48 48 42 29 38 50 33 47 22 
36 48 6 49 11 21 41 39 11 33 29 27 6 33 25 19 42 41 18 15 35 33 31 27 12 7 40 8 14 37 5 50 7 21 42 5 27 40 39 17 46 26 5 23 25 44 30 8 27 30 17 49 11 6 50 29 31 15 9 28 5 20 34 46 47 7 11 42 5 47 6 48 13 37 41 7 8 44 20 30 42 8 5 12 26 29 20 22 49 24 24 42 18 12 34 14 50 44 5 21 
41 48 29 41 22 48 40 17 7 18 26 16 16 5 7 22 7 46 22 9 34 12 14 16 14 19 31 42 49 13 30 45 46 15 49 10 27 28 12 6 17 44 24 46 14 27 24 18 13 22 14 42 33 20 41 14 37 16 9 46 48 21 11 10 7 32 12 27 25 32 23 39 31 14 30 50 16 29 33 19 46 21 24 10 20 35 18 42 28 23 20 19 41 41 20 25 40 8 6 18 
15 44 7 30 10 31 12 47 8 10 12 28 9 27 50 48 38 26 45 20 9 47 32 28 8 27 12 28 31 25 33 49 6 46 6 8 16 40 13 24 11 11 39 47 7 12 30 45 48 27 21 29 23 12 23 34 15 48 36 29 44 21 36 29 12 47 43 12 44 9 17 38 21 12 21 11 17 36 39 44 20 17 12 26 48 19 31 30 10 23 17 18 26 15 41 13 29 47 20 17 
50 34 5 47 43 41 42 20 39 30 17 36 5 20 24 25 12 40 40 19 19 36 42 42 49 30 37 38 15 43 37 44 31 38 33 42 42 10 48 14 15 42 42 41 40 41 40 38 40 20 9 38 21 17 44 19 8 35 6 22 28 33 32 20 34 33 47 49 45 5 38 48 37 39 24 19 39 38 44 31 21 43 41 11 8 7 35 6 5 24 36 26 42 25 23 14 36 39 49 13 
7 31 21 19 12 24 32 14 26 26 29 37 10 49 45 26 5 45 31 43 18 46 45 19 46 26 21 12 7 42 7 18 32 5 10 11 12 49 21 48 20 31 5 26 13 29 20 6 28 32 33 6 42 32 14 34 39 12 33 33 25 15 44 42 33 50 16 13 42 35 12 9 29 45 21 33 11 12 9 5 10 45 35 15 30 34 5 21 35 38 7 38 36 24 27 44 8 50 44 30 
48 46 27 16 27 21 23 33 24 26 46 32 12 35 50 19 46 32 19 37 27 29 37 19 44 29 17 46 5 48 30 36 5 14 19 25 44 48 33 22 42 38 27 49 21 44 9 7 25 31 6 15 37 44 33 12 9 47 46 43 22 39 10 25 30 6 22 28 47 39 44 28 9 9 20 49 34 45 21 23 45 45 48 17 26 24 8 33 31 40 46 39 50 28 41 32 29 20 33 25 
5 36 15 31 41 20 17 8 33 27 33 28 16 45 36 34 49 40 9 15 22 5 48 40 34 29 45 37 34 17 12 29 41 6 8 35 44 29 42 27 47 13 35 17 28 11 14 31 32 8 33 14 12 14 33 12 39 49 7 16 6 6 50 13 50 42 10 38 17 19 45 38 20 30 16 35 7 21 23 18 15 5 34 17 24 13 23 20 22 23 33 44 41 46 6 29 14 43 33 25 
39 33 32 42 7 30 22 24 34 24 48 22 6 40 5 35 44 46 29 29 20 42 29 47 35 48 27 48 38 35 26 49 6 40 47 18 28 29 15 30 19 15 42 22 32 34 34 46 41 36 47 28 7 36 13 15 36 30 36 45 16 18 41 12 20 15 20 42 43 33 46 15 41 15 39 8 34 16 42 31 15 23 39 24 24 10 5 9 23 38 13 45 26 33 46 33 25 14 7 24 
20 42 23 5 33 6 5 41 33 32 42 12 42 14 13 14 42 42 28 14 42 35 41 24 40 46 25 21 14 35 20 6 27 9 32 35 18 44 34 22 12 37 29 44 12 29 11 37 35 24 45 39 13 42 44 33 33 32 13 6 29 25 27 50 37 27 14 43 20 19 49 25 10 49 28 5 29 22 33 7 5 7 46 17 49 18 38 34 35 23 32 20 43 47 5 6 29 19 18 14 
31 30 29 45 46 42 48 15 19 38 37 17 26 10 19 43 25 11 28 14 8 23 16 47 21 41 24 7 20 35 17 47 5 13 13 12 42 34 11 25 47 32 19 46 26 37 5 20 12 43 34 16 9 36 14 14 34 35 12 26 33 45 12 39 11 20 31 24 46 26 29 28 7 39 35 33 49 5 10 21 28 9 19 11 35 47 13 38 38 35 28 14 20 14 19 37 33 16 16 34 
39 17 33 29 17 26 14 33 19 5 6 27 47 5 43 17 10 46 26 44 23 22 31 18 41 32 47 44 31 49 26 37 30 31 49 38 12 17 38 34 30 32 13 14 25 37 14 9 35 15 6 43 6 18 44 19 31 19 50 31 28 46 18 11 39 12 40 46 34 19 6 37 27 44 21 48 47 7 47 26 21 16 48 48 14 50 15 50 45 10 22 38 14 46 17 16 49 12 50 17 
37 46 29 5 28 45 21 6 47 20 50 29 6 44 8 45 35 8 31 13 24 33 32 27 34 34 31 36 42 20 6 26 34 50 50 18 22 43 50 34 38 17 49 17 44 43 40 12 42 39 29 10 24 35 50 25 31 18 32 49 50 14 32 23 31 11 15 29 45 12 35 49 28 38 18 11 39 24 18 45 9 31 11 17 37 39 42 34 17 38 35 39 32 29 32 13 16 37 13 22 
36 12 22 22 12 36 11 28 37 20 33 28 6 12 44 17 32 49 24 32 13 7 31 11 40 26 49 46 33 40 28 6 35 45 34 17 36 21 12 16 46 8 6 5 31 39 20 41 14 43 22 47 24 8 34 8 31 28 10 33 14 48 33 37 50 43 34 11 44 26 17 7 47 19 15 12 47 44 31 40 39 48 41 47 38 19 45 31 11 9 19 49 31 14 7 27 22 33 15 43 
29 26 5 29 19 5 39 19 50 17 39 16 11 31 17 25 23 23 22 31 8 11 36 33 50 50 39 48 42 25 38 33 9 30 6 25 30 23 37 30 21 13 47 6 45 47 39 10 6 49 35 44 16 24 22 39 24 41 17 6 15 11 7 24 39 37 22 50 22 50 35 32 23 48 29 28 41 30 20 7 38 23 37 6 32 31 20 32 6 21 20 47 26 47 32 11 8 28 40 18 
39 27 34 15 15 45 21 41 16 31 7 25 19 13 6 47 27 50 34 28 31 10 34 44 47 10 11 33 27 42 38 13 18 32 44 25 15 14 25 23 50 30 13 41 14 37 28 7 10 24 34 39 6 17 34 49 27 33 40 15 34 34 23 40 44 21 5 41 22 47 29 5 49 44 40 46 35 39 5 50 26 22 18 10 20 47 14 46 49 34 31 45 25 33 38 42 26 20 20 24 
24 28 17 48 32 42 47 14 26 18 7 23 7 22 43 36 40 40 15 14 34 19 48 8 9 44 23 21 47 32 12 46 32 5 35 17 36 47 13 15 11 37 37 5 35 23 41 42 48 36 11 10 50 49 17 12 44 15 8 33 47 42 22 8 16 45 49 43 17 12 39 20 47 34 50 17 46 7 12 50 36 36 23 10 5 32 11 9 31 50 8 39 23 26 26 34 15 42 39 22 
45 12 24 37 45 38 38 12 11 34 9 17 28 8 32 32 11 43 43 48 11 47 44 16 16 11 17 32 47 21 8 49 17 26 44 38 19 19 8 44 11 24 35 6 31 33 11 34 18 47 40 38 27 37 5 36 41 21 11 14 11 21 25 24 35 29 45 14 39 20 42 22 12 14 46 19 6 49 44 20 22 26 27 31 18 20 43 37 46 46 5 5 36 49 11 38 20 49 16 11 
40 12 46 39 42 45 11 33 28 31 26 10 23 22 26 14 21 44 8 42 50 27 35 15 44 46 16 24 42 37 35 28 45 25 24 16 24 10 50 34 42 21 50 21 5 46 49 14 8 25 43 16 6 34 18 22 15 25 47 5 22 13 14 8 45 12 23 36 17 22 15 40 11 20 33 38 32 42 49 25 48 15 18 26 8 8 30 12 18 44 16 21 8 35 38 45 7 24 32 14 
14 28 29 29 47 42 39 35 46 12 14 43 29 21 23 8 41 40 29 5 11 12 38 24 18 49 39 39 36 12 32 36 41 50 17 41 6 23 42 21 25 34 8 16 24 30 17 42 23 50 6 32 46 20 49 10 40 19 35 13 8 38 27 18 18 32 49 17 7 39 29 47 48 39 10 36 37 26 40 25 32 14 17 22 40 21 23 45 20 28 46 44 50 28 34 24 35 42 36 29 
46 34 30 28 36 46 6 36 17 19 28 11 16 27 45 45 26 24 25 6 44 45 17 26 32 27 28 11 10 26 33 23 19 20 19 49 35 46 39 43 16 48 14 8 10 49 25 15 25 22 34 26 48 20 44 44 18 36 26 24 46 20 39 42 13 28 7 34 8 14 17 11 37 6 44 33 39 23 24 35 5 45 31 38 7 6 21 36 15 43 43 35 24 7 6 36 36 20 35 14 
40 39 31 44 20 18 33 12 44 23 27 23 31 25 46 25 17 9 28 27 33 48 44 17 42 28 6 23 25 24 36 43 37 35 40 45 7 44 45 12 8 33 31 8 47 8 43 44 17 17 22 50 17 34 24 13 15 6 20 41 48 16 50 25 41 24 24 12 12 46 41 29 8 38 24 31 42 43 45 40 18 32 14 45 44 7 30 8 23 25 21 45 26 23 38 11 43 22 10 8 
42 46 37 24 5 34 46 13 39 48 7 18 34 20 47 49 29 15 21 18 30 46 9 5 32 32 9 49 40 39 22 6 32 16 11 21 28 46 39 49 12 31 29 43 26 25 22 18 23 36 36 24 40 26 38 28 12 6 28 25 36 48 8 15 7 22 41 31 50 38 5 24 9 7 13 45 15 37 25 49 9 43 37 17 16 16 17 46 48 16 11 11 40 25 43 41 28 24 15 19 
