8 38 18 50 12 45 36 20 6 7 33 23 26 18 30 19 25 46 26 44 9 26 46 16 32 33 21 8 36 44 33 19 31 21 40 44 48 12 40 38 50 50 7 20 21 9 11 33 14 9 5 49 6 38 6 26 24 18 10 16 41 42 41 21 12 14 13 6 47 31 10 10 27 18 23 20 15 14 16 21 18 6 43 19 48 41 8 26 12 18 6 41 18 46 22 35 42 41 29 5 
28 22 15 43 48 8 24 15 21 23 16 22 31 5 44 19 23 19 9 38 30 36 24 7 17 42 7 20 7 42 42 25 8 50 48 49 41 31 45 35 25 32 20 40 8 20 9 41 46 22 20 30 16 39 8 13 43 10 10 33 12 30 12 9 7 21 33 23 14 29 23 36 27 11 37 34 41 36 47 6 44 29 13 49 29 45 27 35 10 43 19 50 27 37 5 39 44 43 20 37 
34 47 41 37 18 25 14 19 39 33 7 31 13 31 35 29 32 33 26 20 24 11 23 5 46 7 39 36 9 40 11 43 46 29 9 8 5 23 39 43 14 15 20 50 26 17 21 46 33 34 12 41 32 27 11 30 39 43 10 11 23 45 41 31 46 35 19 21 33 13 19 22 33 28 12 18 45 50 25 44 32 37 17 47 47 30 39 19 15 5 22 6 11 49 13 32 27 31 40 14 
27 33 24 6 50 33 40 18 23 41 49 46 31 23 12 18 20 31 50 6 11 8 13 19 40 29 39 41 44 37 16 15 12 36 8 49 15 15 39 11 15 5 30 7 39 26 50 33 43 36 36 40 14 36 35 22 13 12 20 23 31 10 46 46 41 24 44 32 18 23 47 24 16 7 29 48 45 46 21 13 27 48 42 15 44 45 34 16 15 17 50 9 22 31 38 16 50 47 26 46 
22 23 42 48 31 15 47 44 47 44 30 15 30 37 39 17 14 47 33 6 37 36 21 6 20 7 40 12 13 46 11 39 42 45 18 20 21 7 5 19 9 44 30 14 5 10 28 34 10 30 18 41 32 10 29 23 20 39 26 27 9 39 23 42 12 23 46 35 9 11 44 50 12 34 39 6 26 41 28 8 27 36 29 23 17 20 24 21 32 28 32 8 44 28 34 48 18 16 34 7 
26 27 19 11 16 18 43 46 41 14 10 13 23 21 28 30 19 46 37 38 32 10 34 6 41 16 28 28 50 43 43 36 48 25 21 35 38 29 16 39 27 13 23 20 14 28 30 40 28 30 37 45 30 8 24 28 29 8 47 37 36 45 23 15 25 16 49 5 9 41 32 24 8 30 50 37 41 35 48 32 29 44 42 28 49 28 43 41 49 31 50 44 27 38 49 35 28 24 29 48 
29 33 49 18 10 14 23 43 19 44 11 22 17 8 26 40 9 38 36 11 35 35 46 14 29 32 14 17 46 23 34 31 46 10 38 11 45 24 12 24 47 47 42 5 21 17 43 6 7 32 42 8 14 34 20 46 33 32 42 48 40 42 11 38 10 40 47 17 12 43 41 18 18 10 37 35 17 35 13 15 20 30 43 13 34 9 46 28 19 32 5 24 25 32 19 45 34 47 6 49 
41 28 33 23 30 38 25 18 14 5 23 16 41 42 48 12 20 25 19 5 23 26 40 9 45 17 25 9 46 18 14 22 31 44 16 41 27 45 33 11 22 10 36 38 49 24 30 18 16 32 33 10 50 36 11 43 18 39 40 24 20 21 8 29 7 37 34 41 38 28 45 19 22 13 7 11 28 13 33 10 9 41 36 50 36 35 22 46 20 11 49 31 32 40 50 10 39 32 22 36 
34 30 6 19 20 25 14 43 8 11 34 8 23 49 32 47 10 42 20 7 20 12 22 9 12 40 7 46 26 22 30 14 6 27 45 35 40 19 12 33 11 50 34 15 46 39 8 42 36 11 33 8 20 43 42 30 49 38 50 34 10 26 12 34 36 37 37 12 30 43 38 11 45 30 24 38 13 24 15 23 14 50 45 38 15 29 19 15 36 27 33 17 29 44 31 50 35 39 45 48 
34 36 37 42 12 15 28 16 33 43 18 49 36 21 25 20 29 33 9 41 35 38 9 26 27 42 47 11 13 28 45 16 27 45 29 30 16 26 5 41 30 22 47 29 15 8 11 23 32 43 11 46 22 44 15 23 35 22 37 50 50 37 22 22 8 27 37 49 21 5 41 37 26 43 30 35 36 38 8 11 6 22 12 46 49 32 17 45 44 28 9 16 16 11 45 31 37 25 6 8 
26 19 46 19 30 47 44 21 7 49 19 20 14 12 25 16 6 28 9 17 39 11 28 12 42 12 31 42 34 19 43 29 26 6 18 5 28 11 11 33 5 5 27 37 16 23 25 27 47 30 45 50 40 23 13 5 8 37 46 12 26 47 46 34 37 28 45 47 48 47 22 46 38 6 24 38 34 8 40 46 34 38 43 44 27 29 19 34 21 43 20 36 34 18 20 23 50 8 42 46 
27 34 50 21 49 8 44 12 9 27 47 16 10 24 23 18 45 42 41 26 45 15 5 35 18 16 50 31 47 36 43 39 7 34 40 15 30 37 45 31 40 22 17 34 49 27 11 12 37 5 9 43 8 21 34 22 29 35 32 36 35 39 6 15 26 33 32 45 32 45 21 31 34 46 31 43 49 10 24 13 22 42 13 15 37 27 27 45 30 46 15 36 14 19 29 30 35 18 46 46 
23 40 48 18 27 24 42 29 26 28 17 6 30 37 40 22 19 17 35 50 5 23 42 18 18 9 42 40 37 48 40 39 35 45 21 19 41 50 19 50 44 27 36 32 10 26 6 34 22 28 9 32 10 41 11 39 21 27 49 40 35 15 20 31 40 13 20 19 27 30 41 38 16 20 7 30 36 25 8 50 47 50 15 34 21 48 11 21 15 22 48 48 38 17 42 33 18 17 18 6 
10 15 7 38 46 25 33 22 13 44 36 6 38 17 30 40 20 38 16 15 38 8 48 28 42 5 40 34 28 48 26 44 35 13 27 26 26 37 39 12 28 16 46 35 24 28 33 33 41 18 12 44 50 49 20 29 34 34 5 35 41 19 35 34 50 23 44 37 37 18 12 29 10 19 29 8 13 30 42 32 30 26 50 33 12 13 12 27 36 23 12 46 35 20 39 11 34 33 46 25 
38 42 33 5 36 32 13 20 6 10 38 15 23 46 20 7 47 48 46 21 20 47 21 19 47 40 25 9 20 45 29 25 38 31 22 22 29 29 42 32 50 23 36 37 12 34 32 12 27 39 13 42 49 26 37 50 13 40 40 30 32 27 8 20 50 17 49 24 23 29 16 5 49 31 44 39 48 8 32 16 40 50 13 12 14 48 22 15 20 44 26 20 8 49 12 34 42 49 5 38 
29 5 27 18 46 40 31 48 6 30 16 8 16 22 31 28 33 32 45 30 31 36 38 50 32 41 37 49 18 5 16 5 48 24 15 19 47 11 8 23 21 11 32 27 35 26 28 5 16 15 28 20 26 45 6 42 44 43 11 46 23 32 28 42 5 23 18 37 18 17 8 9 11 14 40 42 9 32 19 5 48 44 29 39 26 40 16 9 37 7 17 5 47 28 40 30 6 22 47 42 
8 19 47 43 36 40 19 38 11 35 40 28 34 19 38 33 11 46 42 8 39 36 48 20 38 26 31 44 47 29 21 28 33 45 14 41 26 14 35 9 45 29 28 19 20 7 37 50 5 39 40 23 28 14 20 17 7 49 31 35 20 32 29 48 31 33 42 15 45 36 33 17 29 49 50 16 16 12 20 7 31 36 48 9 8 40 48 8 11 40 42 37 12 11 43 30 43 18 38 19 
20 42 36 36 46 39 26 45 49 48 10 34 42 10 45 11 25 44 17 23 43 27 27 17 28 20 24 27 10 45 39 38 19 38 13 18 41 11 6 8 32 30 33 5 15 46 15 33 37 8 11 41 34 45 21 33 45 41 23 29 9 18 9 8 30 24 50 32 37 18 23 20 40 8 11 46 6 15 49 42 19 48 35 31 29 10 35 20 41 22 44 9 21 5 50 26 5 34 24 5 
33 43 42 28 11 46 43 16 27 35 18 28 23 13 11 38 14 32 7 18 18 23 10 38 39 6 45 24 37 38 16 29 24 7 36 20 27 11 14 47 40 46 43 21 19 16 48 5 28 41 48 17 29 25 14 14 37 28 49 38 37 18 16 23 45 48 46 38 33 37 50 14 31 16 16 34 5 46 9 25 43 18 43 24 45 7 31 20 48 37 44 47 7 49 45 21 17 5 10 8 
37 33 12 33 15 45 24 5 33 5 28 8 34 26 5 20 13 24 33 24 36 34 11 23 45 10 18 50 44 17 30 23 7 42 26 26 40 10 42 35 20 35 33 11 22 41 10 30 11 42 25 50 47 42 8 6 29 9 48 47 34 25 38 40 23 18 15 46 13 20 17 39 25 48 32 35 42 43 13 42 10 35 27 8 13 12 50 50 35 21 36 37 44 37 26 20 12 27 48 35 
29 48 8 10 32 27 25 45 33 20 44 47 12 49 35 18 31 27 34 32 30 10 22 14 5 16 36 33 46 6 46 40 34 20 16 20 31 35 47 9 28 11 37 23 34 35 42 43 26 47 14 43 13 8 12 30 40 9 26 34 19 10 14 17 19 11 22 49 35 50 26 7 9 15 50 18 14 47 23 21 10 40 21 31 43 33 28 44 40 8 15 37 33 13 12 33 14 13 8 39 
40 35 10 10 32 31 40 31 20 48 27 10 11 19 35 5 25 42 47 9 43 5 13 29 38 37 42 17 36 10 17 34 17 16 11 32 15 32 50 34 8 33 20 21 14 16 40 18 25 19 17 46 37 14 45 31 17 13 49 9 8 25 20 28 34 30 46 26 50 20 39 6 19 37 36 42 29 44 31 11 17 12 31 11 49 41 47 43 5 21 5 48 19 23 35 23 8 24 37 16 
11 40 45 32 46 10 44 38 13 28 47 30 19 10 26 7 36 29 23 29 41 44 8 10 32 26 35 31 41 6 42 42 18 29 10 20 7 34 10 17 33 13 35 40 16 9 19 12 29 6 41 10 9 16 27 5 32 29 38 24 19 44 9 14 14 27 50 48 41 18 45 44 40 22 21 28 28 7 16 25 45 18 41 15 41 48 41 35 49 49 25 43 21 8 11 26 34 26 43 41 
39 33 15 25 34 31 15 24 34 46 23 38 39 35 40 10 10 11 21 40 27 22 33 44 19 48 31 39 49 47 31 12 17 50 7 27 40 15 7 39 30 26 11 11 31 48 14 13 36 23 33 17 31 31 21 26 22 5 50 45 33 29 10 10 42 34 7 41 29 24 49 36 17 35 13 28 48 33 6 10 30 32 46 38 26 27 33 17 43 39 37 33 46 18 48 40 29 47 10 12 
31 15 49 43 34 24 21 31 42 32 37 9 31 6 25 31 44 45 49 31 25 34 8 44 10 47 27 44 12 18 19 20 41 5 27 39 11 41 33 26 43 41 19 23 14 10 11 39 40 48 13 9 23 20 42 45 34 7 5 48 48 37 22 34 5 49 31 16 49 24 47 27 20 44 14 22 10 14 40 22 14 5 34 30 42 23 43 8 41 13 8 42 44 14 30 24 12 19 48 7 
39 8 15 44 7 11 14 27 31 38 33 46 19 15 14 27 50 40 13 8 10 21 36 18 20 44 42 43 46 28 24 47 21 10 30 28 35 34 18 20 21 34 39 17 33 45 50 29 37 5 14 25 12 39 38 27 15 38 32 29 50 47 43 45 15 17 31 17 23 34 49 18 25 5 36 40 13 19 40 10 17 45 5 48 39 32 24 44 12 41 7 29 39 6 26 19 15 26 34 29 
11 18 26 48 11 27 29 14 27 26 45 25 34 42 15 42 26 10 42 22 42 15 30 35 50 18 8 27 8 6 29 7 39 14 36 49 28 29 35 36 11 42 28 28 26 26 43 5 25 9 7 37 10 49 30 13 22 17 31 10 11 16 43 37 50 30 49 47 5 33 10 18 8 37 41 11 18 31 5 32 29 50 23 49 17 26 17 28 25 9 45 16 33 37 33 44 12 12 35 15 
35 49 6 47 49 46 43 27 48 43 43 33 48 24 30 30 35 35 22 20 37 23 12 24 24 7 18 18 20 26 37 48 25 11 33 23 37 15 9 28 38 48 15 18 48 26 5 40 20 41 20 37 47 15 21 44 19 24 12 13 21 26 46 46 39 8 9 35 35 40 43 18 41 6 31 31 24 29 41 7 13 9 34 22 18 43 31 21 5 11 23 22 46 43 26 7 19 36 45 50 
13 6 5 33 39 49 8 49 25 15 13 49 16 13 5 12 49 22 39 14 34 42 15 30 20 26 8 25 14 24 15 7 5 48 47 15 5 19 36 33 9 8 44 36 7 20 6 38 42 15 49 14 43 10 10 30 30 20 50 16 27 46 45 31 10 48 28 13 47 6 36 10 49 49 48 25 42 7 10 19 47 11 25 25 45 42 31 50 26 26 26 29 40 9 10 48 16 29 16 32 
25 12 39 5 24 36 7 38 19 24 45 40 6 27 34 42 13 31 15 37 16 8 11 14 15 36 38 27 49 13 38 12 49 21 28 32 37 21 35 31 45 41 16 32 46 45 11 30 29 18 37 34 30 43 32 7 24 25 14 27 41 42 35 34 20 28 33 38 30 44 30 36 47 34 12 19 19 43 33 50 18 47 46 6 7 41 36 33 45 15 10 41 31 37 38 33 43 34 41 27 
11 30 6 49 36 43 18 10 33 25 40 38 9 29 33 7 13 48 31 23 12 17 31 32 9 43 8 6 32 19 25 46 14 14 32 35 48 40 35 9 9 20 26 28 21 17 28 12 41 42 14 17 7 41 44 44 50 17 38 37 24 20 23 32 45 23 26 9 42 48 28 50 12 50 15 8 44 40 41 20 27 8 35 12 50 21 46 31 39 27 42 10 8 26 25 6 29 36 42 7 
20 19 5 8 49 42 24 19 29 37 13 19 30 32 6 5 34 17 34 37 14 43 43 43 16 49 23 47 26 45 38 27 46 33 37 35 12 36 5 15 9 11 48 32 37 24 25 23 44 25 46 30 6 20 49 45 35 31 48 11 31 14 21 43 33 43 38 15 21 14 18 29 37 46 48 27 23 18 41 48 25 47 37 29 31 19 16 47 24 16 8 37 44 14 29 39 31 47 31 19 
25 41 42 24 47 36 12 33 15 20 18 34 33 42 6 5 21 24 36 8 27 28 36 12 8 36 8 20 21 47 48 34 7 28 23 48 47 44 26 36 12 27 40 24 35 42 25 6 42 22 47 42 50 13 28 7 13 32 19 30 26 25 36 49 13 27 20 7 13 12 33 28 20 16 28 42 24 45 39 32 7 30 46 43 29 44 32 17 28 49 24 30 38 35 25 28 22 12 9 14 
26 18 32 11 40 33 43 49 43 11 14 10 48 24 26 50 44 8 24 11 48 49 13 47 10 25 48 46 41 24 33 7 5 35 41 11 17 47 45 14 37 6 10 9 29 27 5 49 38 28 32 32 11 8 39 22 8 38 5 5 20 24 31 45 30 32 23 18 24 31 26 17 24 24 50 47 44 38 19 32 40 15 34 9 49 26 32 45 46 24 48 48 46 39 20 38 40 38 5 37 
27 44 12 21 44 27 26 19 18 17 33 49 20 20 44 16 33 33 34 15 21 50 23 44 8 49 35 21 47 48 40 17 44 18 33 43 23 43 18 28 34 10 16 31 22 5 18 48 31 19 40 38 34 34 9 29 18 22 32 10 28 37 25 22 9 6 6 50 43 46 31 9 23 35 25 29 30 48 23 46 40 25 22 29 6 24 5 35 46 38 24 28 15 11 38 31 27 36 48 45 
12 42 11 40 19 20 35 10 32 12 6 22 34 42 11 7 24 44 49 28 23 14 29 39 24 41 18 43 39 50 48 14 19 34 29 31 33 26 19 18 29 40 14 43 35 16 36 46 22 19 5 42 50 14 16 16 37 32 13 12 28 25 47 37 49 30 36 16 50 9 23 20 35 32 34 18 9 18 18 11 26 10 5 37 50 14 21 33 9 25 31 9 41 31 23 21 21 5 18 19 
27 35 17 31 37 10 17 41 10 44 7 24 26 47 22 38 22 31 45 22 50 12 18 45 9 11 5 43 49 42 39 41 10 34 5 10 11 17 34 19 36 16 17 13 9 15 45 8 18 48 34 7 20 45 25 40 37 44 5 17 5 10 20 45 10 40 7 40 39 39 42 18 27 37 25 25 48 50 44 11 31 27 30 38 8 35 46 39 29 23 34 45 42 37 12 14 36 45 37 48 
50 34 21 33 33 25 32 20 47 49 22 43 19 23 5 32 41 36 33 23 49 41 39 30 37 50 29 5 8 50 5 6 9 31 48 9 29 7 28 5 12 19 13 6 22 26 37 21 31 9 14 12 44 5 50 49 24 40 47 36 27 41 34 5 24 19 18 31 33 12 29 17 20 23 43 33 15 34 22 31 28 25 45 45 8 38 12 24 46 38 11 25 43 50 29 42 30 49 8 32 
27 19 43 39 48 24 7 10 41 6 13 16 26 47 28 14 38 39 36 46 6 17 46 50 23 39 12 27 46 32 21 23 38 25 21 16 22 19 24 49 6 18 32 24 43 28 14 27 45 8 34 11 8 24 6 10 31 50 10 32 21 13 13 21 10 31 39 22 30 5 35 16 21 35 19 21 40 5 48 13 5 34 30 29 38 17 13 21 6 30 10 44 18 5 30 23 39 21 15 49 
11 5 24 31 15 11 37 20 40 47 35 36 42 27 10 42 43 41 38 5 37 22 14 29 46 19 42 47 20 12 32 37 14 13 36 6 14 46 43 47 6 5 50 5 7 35 15 26 36 39 37 34 23 24 49 42 6 22 41 10 45 41 41 23 38 15 33 47 36 32 48 44 31 10 8 25 29 28 28 39 6 40 25 21 13 42 7 8 15 35 35 7 11 23 23 31 33 41 13 7 
5 49 20 31 47 5 45 22 14 35 37 41 26 39 32 41 28 43 34 11 48 6 20 40 5 6 12 44 30 21 14 45 7 13 7 24 7 22 41 42 23 18 43 31 18 45 6 7 38 45 17 40 16 12 21 10 40 13 25 28 15 16 48 10 49 26 45 17 43 50 43 22 23 47 48 5 36 34 8 46 46 36 33 7 49 30 39 49 12 36 39 5 23 17 43 24 33 25 43 46 
44 17 42 50 6 37 19 19 18 21 14 13 22 47 27 26 41 8 14 36 23 30 49 42 37 36 33 11 30 32 48 33 42 28 10 48 43 40 33 42 24 31 20 41 19 39 31 22 37 18 42 31 38 19 5 33 27 42 47 37 36 30 47 9 25 29 13 24 17 6 33 16 28 15 49 10 47 48 46 15 38 37 32 20 34 8 6 46 42 23 33 28 8 18 28 7 29 26 45 18 
26 28 6 12 8 38 12 31 14 38 45 37 40 15 47 50 37 39 15 39 14 47 19 8 44 18 6 30 5 15 44 17 40 21 42 24 34 32 14 35 43 26 45 37 15 8 25 29 37 15 14 16 50 50 9 18 26 42 32 48 18 8 42 15 5 16 35 10 41 30 46 48 5 47 44 31 43 47 30 17 27 6 15 42 17 28 5 42 33 49 30 26 33 21 41 11 48 20 45 9 
30 14 45 36 49 17 24 46 31 14 33 20 15 38 22 28 25 32 44 12 17 10 16 43 23 17 20 32 11 25 41 23 43 6 46 14 7 12 25 20 5 45 8 26 44 10 24 29 11 21 14 22 14 30 7 38 15 41 43 30 25 10 41 20 28 14 23 24 34 18 35 31 34 29 41 6 18 32 5 22 18 33 10 17 5 36 49 13 7 27 25 13 7 31 5 16 40 11 13 36 
7 6 19 12 27 18 49 36 34 10 47 34 39 11 8 25 40 50 48 30 50 34 33 11 16 49 17 36 39 30 49 41 16 27 13 26 41 16 5 17 49 24 15 5 29 40 32 27 34 38 13 35 19 40 30 18 32 18 33 40 42 46 32 24 18 40 24 6 10 27 16 41 5 30 35 37 32 24 40 32 21 34 13 41 49 49 13 41 14 10 50 22 39 10 31 24 21 41 29 35 
46 36 11 19 31 36 9 28 49 12 22 34 42 41 27 12 7 20 43 43 50 25 50 44 40 37 23 12 8 30 44 28 39 47 11 37 28 41 31 28 36 49 6 12 47 21 30 31 7 6 30 27 34 48 17 42 41 41 22 42 36 18 31 6 5 20 15 38 18 7 50 32 49 19 7 50 17 35 25 49 19 9 46 23 42 34 13 25 34 47 29 12 5 44 23 11 50 17 8 22 
10 38 43 36 32 49 12 9 14 38 31 36 21 49 16 8 39 35 43 14 30 5 13 31 41 33 20 17 7 40 30 20 44 49 15 38 42 49 27 29 29 47 29 11 28 39 7 42 40 41 9 8 24 25 14 22 26 32 49 29 27 43 40 7 10 12 21 5 46 37 28 37 7 5 15 44 41 39 9 41 10 7 31 18 32 47 39 13 25 15 11 9 26 41 8 33 44 28 5 30 
27 35 7 30 29 41 11 13 18 27 5 28 42 35 25 30 25 27 10 11 42 21 26 27 48 13 28 45 6 31 16 38 11 35 27 14 7 49 16 45 33 17 48 50 8 13 17 39 19 13 6 26 17 5 25 37 44 42 15 23 14 32 41 49 34 34 23 11 20 15 30 48 17 28 23 7 34 10 38 33 38 11 21 33 25 14 35 21 6 44 8 45 36 12 44 47 21 25 31 44 
39 31 12 44 21 40 45 5 35 28 31 8 35 31 26 25 34 11 40 9 49 42 25 42 50 21 34 18 23 30 31 44 28 33 49 26 48 12 46 37 20 16 9 30 40 27 22 41 7 48 31 5 38 49 46 45 23 24 24 25 41 35 41 7 23 46 18 35 14 21 45 29 21 49 29 26 45 30 43 18 13 17 15 50 46 29 45 18 43 7 40 36 44 50 26 43 27 19 45 38 
13 47 23 42 33 8 8 34 7 28 34 48 7 18 19 49 30 19 44 45 7 14 30 42 17 22 17 6 21 23 9 35 30 8 42 14 44 26 10 26 12 23 36 35 39 39 11 9 8 41 32 36 23 32 49 10 19 38 42 14 11 38 49 31 35 46 38 44 19 38 31 30 36 41 39 36 34 35 39 38 22 19 45 9 49 39 45 24 37 38 50 16 21 30 9 33 21 12 11 22 
15 48 8 13 18 40 50 46 14 32 50 20 25 27 15 37 14 31 12 10 24 35 40 35 12 36 19 35 30 24 41 21 8 26 38 25 27 8 19 38 23 36 27 34 18 36 40 29 34 38 6 17 9 35 36 14 39 14 46 13 41 36 19 42 6 34 36 31 35 48 20 47 30 28 5 21 6 17 15 27 19 36 18 44 17 40 11 30 5 24 38 45 44 12 35 18 7 24 25 19 
19 40 40 42 14 22 43 12 13 18 18 41 41 39 33 9 15 32 37 22 48 9 6 31 44 27 44 19 45 21 34 21 6 12 47 38 9 22 38 27 22 12 45 50 41 39 29 44 33 22 14 6 39 36 35 44 26 41 5 48 19 29 22 30 47 6 43 18 43 44 46 18 44 12 8 19 19 21 50 41 31 23 38 31 27 24 44 30 15 22 50 32 30 12 27 16 10 36 33 10 
25 43 22 44 31 7 7 6 48 8 21 6 48 27 10 14 25 19 29 42 16 12 50 5 35 48 17 28 34 10 17 19 27 5 29 43 31 19 5 8 9 38 6 22 18 17 11 26 20 29 27 41 49 15 50 49 36 41 17 26 10 12 32 9 34 12 40 49 36 28 35 15 28 26 39 33 41 49 41 37 34 9 35 18 21 36 41 35 37 25 26 31 28 46 41 43 36 17 10 39 
13 19 46 14 18 16 41 30 47 14 29 27 45 33 22 21 21 25 43 49 44 27 20 37 19 26 38 44 42 27 41 35 37 9 40 41 18 15 49 34 35 8 36 9 43 22 23 31 45 14 43 9 26 33 37 35 8 24 34 34 13 25 41 20 48 42 18 28 10 15 40 17 24 11 37 15 17 25 50 38 9 31 37 14 17 11 20 13 21 5 43 36 36 7 17 28 40 19 21 46 
41 35 7 27 8 27 39 21 43 43 48 44 6 30 45 12 36 19 5 33 7 36 23 34 10 35 26 14 5 32 29 21 7 50 36 43 10 40 33 45 10 21 5 31 20 13 29 19 48 49 43 13 33 25 37 26 37 8 8 12 49 49 20 20 17 8 7 24 6 9 46 29 12 40 30 33 12 13 38 18 16 6 10 18 5 13 21 41 28 36 30 23 19 43 45 36 6 37 16 7 
43 40 20 49 28 43 30 23 26 28 27 11 30 27 12 48 14 26 50 28 5 8 10 47 46 20 24 16 12 23 23 30 17 31 25 40 35 20 9 16 18 22 35 16 40 43 37 33 11 10 12 15 15 13 24 16 14 30 34 43 39 38 7 20 24 31 6 21 10 21 49 8 40 9 10 36 23 10 31 38 15 45 27 26 7 41 45 46 18 12 43 15 33 7 43 43 7 49 39 37 
33 22 5 19 12 24 28 31 31 23 25 17 19 8 48 15 39 13 34 40 9 36 41 18 17 16 22 36 38 13 13 16 35 13 28 24 46 40 10 24 38 28 33 20 47 49 6 5 32 12 28 35 28 10 44 18 15 5 37 38 50 48 30 8 20 43 46 28 21 20 41 40 15 50 15 39 43 17 20 46 28 32 7 47 34 28 40 7 49 43 38 27 18 5 47 36 6 40 47 37 
6 32 49 13 41 41 10 43 21 12 14 10 5 17 34 33 35 26 47 25 47 6 25 43 29 17 24 13 50 24 20 9 38 24 11 31 13 29 34 49 50 29 45 29 14 7 8 30 5 16 15 31 42 39 39 26 28 15 26 7 45 27 14 5 9 43 44 8 40 34 50 40 43 26 41 45 15 48 40 40 45 27 21 47 23 18 5 10 43 49 44 14 28 45 16 13 14 9 35 35 
37 12 30 7 36 50 16 49 20 16 13 35 25 16 35 11 12 46 43 6 37 26 32 12 19 44 37 26 30 7 13 18 38 9 5 35 46 24 38 19 8 46 14 8 47 38 42 10 11 29 39 24 7 39 30 22 25 41 40 18 42 44 34 20 28 47 8 7 6 30 50 38 14 25 45 18 12 26 26 19 28 36 7 48 7 24 44 13 5 30 6 22 46 26 6 12 48 13 17 21 
33 29 8 47 21 7 6 36 44 38 31 15 27 24 20 15 13 49 28 30 39 36 25 23 22 8 46 39 39 22 27 41 5 8 12 21 24 34 19 30 24 19 9 20 47 25 9 47 48 43 50 23 19 38 24 15 12 26 9 11 46 33 5 42 47 11 44 47 27 24 24 46 21 34 25 46 20 25 30 27 46 12 14 49 20 6 7 34 28 37 42 46 7 11 39 35 36 29 34 45 
45 49 28 28 40 48 8 42 38 48 38 39 6 22 14 39 20 8 13 28 23 26 19 13 31 8 20 20 25 21 26 29 39 5 23 49 25 31 43 10 21 46 28 12 18 49 42 12 20 46 32 13 10 22 29 41 32 27 27 15 29 16 31 15 50 39 22 17 45 33 36 41 7 28 17 25 45 22 5 15 5 43 45 12 29 7 20 34 26 21 42 18 36 25 29 14 22 41 45 22 
17 36 41 19 20 43 36 35 11 44 16 31 42 33 9 5 26 5 9 39 34 23 26 18 29 24 42 40 29 17 7 41 10 35 11 39 39 46 5 16 32 20 27 18 21 6 30 21 14 47 23 45 20 9 31 9 24 14 12 17 41 8 7 13 23 5 48 19 22 43 19 23 30 47 20 27 9 6 34 22 15 30 8 26 9 33 37 35 47 30 10 39 30 18 18 33 26 29 22 48 
13 35 45 48 50 44 37 5 35 33 30 46 7 27 18 30 34 44 44 8 21 26 47 34 23 10 5 34 12 30 16 49 44 17 5 11 32 46 31 10 7 36 42 34 7 50 39 29 13 41 33 9 9 8 33 35 23 5 43 48 44 25 23 38 43 44 44 7 5 25 19 21 49 44 35 15 15 37 15 44 38 48 50 44 28 21 45 42 20 43 41 12 35 11 40 16 15 33 35 35 
22 42 50 31 32 35 38 49 12 35 28 40 21 12 34 44 9 30 49 18 50 50 37 34 29 5 13 24 6 18 46 24 47 35 24 18 33 49 38 15 35 25 49 34 46 26 24 37 5 39 29 26 38 30 24 25 12 34 45 23 5 23 38 38 31 30 26 12 18 34 21 31 18 14 17 43 6 48 18 21 46 46 39 6 12 19 22 32 49 34 25 41 48 23 43 40 13 32 48 35 
16 12 15 16 5 20 10 48 7 34 24 42 21 7 49 24 41 8 15 43 48 45 38 25 27 35 9 27 20 40 38 42 25 40 24 24 30 24 26 42 7 45 37 16 40 39 9 26 12 25 34 11 46 38 39 5 29 7 29 18 39 37 10 48 44 8 27 25 12 6 50 38 23 11 46 11 43 49 29 19 30 33 11 43 16 40 17 38 35 37 37 30 39 44 48 21 36 35 36 21 
15 10 16 36 46 23 29 30 40 15 27 45 47 28 30 44 37 42 33 34 11 43 24 24 37 31 47 14 27 49 31 6 45 43 7 6 46 15 43 31 21 16 33 28 18 50 41 39 10 49 48 42 13 27 9 14 42 26 14 40 37 23 17 45 48 13 14 6 22 26 6 10 25 39 5 19 43 15 30 13 31 18 48 25 13 33 21 5 5 30 38 37 40 29 40 38 6 15 49 37 
44 9 33 31 17 31 43 24 44 8 29 41 34 14 30 42 34 33 25 19 28 22 19 41 25 45 27 23 41 40 28 23 46 18 11 24 12 18 32 35 20 20 49 44 23 18 29 40 7 29 15 5 5 41 32 15 19 49 45 16 45 32 13 30 32 21 7 10 9 34 17 8 7 12 38 10 10 40 16 17 40 49 36 48 26 23 35 7 37 24 44 17 40 26 8 33 18 10 23 49 
43 14 42 24 20 49 39 37 16 36 45 44 6 14 26 8 36 35 26 48 9 46 32 6 47 40 13 11 32 47 48 48 20 16 5 24 50 43 18 35 25 37 16 31 13 5 23 43 46 8 8 33 48 28 22 41 16 43 12 38 20 23 27 11 29 36 31 30 50 5 32 33 6 14 44 12 32 25 7 8 35 14 14 34 38 11 43 7 21 31 12 43 44 23 44 22 35 29 33 16 
45 44 39 36 37 14 34 6 32 29 22 14 41 38 17 26 14 8 14 38 12 40 46 17 6 49 46 50 48 8 36 30 43 26 24 12 29 41 7 6 41 17 19 24 24 8 31 8 34 40 25 24 30 33 17 7 6 35 5 45 43 10 47 13 43 12 40 45 15 18 45 21 48 37 21 8 33 43 9 22 17 25 42 20 44 40 42 37 38 25 19 18 49 28 19 41 29 5 22 41 
13 49 6 34 8 15 34 48 39 45 6 28 46 9 23 14 31 22 38 16 42 9 43 7 21 45 9 31 9 30 25 14 48 13 44 22 16 46 19 17 49 27 28 22 15 13 29 16 23 28 30 44 47 33 41 50 47 34 39 13 23 26 33 34 46 50 9 18 30 39 18 10 14 45 39 13 24 26 30 8 9 46 7 28 42 49 17 42 18 25 18 33 9 37 17 25 22 44 45 35 
35 36 24 40 8 33 49 25 43 26 34 22 25 24 34 48 35 18 46 16 37 44 11 26 17 17 10 50 7 41 34 29 50 39 35 7 40 22 50 35 10 22 21 29 15 40 43 10 8 48 30 34 32 39 23 20 23 32 7 26 14 39 28 41 19 29 20 24 26 11 45 35 18 21 44 32 36 20 43 16 20 23 5 40 30 18 47 37 24 29 9 16 37 41 36 17 32 16 30 38 
34 7 20 6 41 43 49 5 34 7 33 23 49 43 6 13 38 31 8 39 25 17 12 18 31 40 5 47 32 5 41 40 34 33 23 40 23 33 47 13 17 34 8 34 15 23 6 6 50 49 32 33 50 19 47 5 29 29 10 36 44 21 46 31 25 13 15 20 11 5 29 11 5 12 22 10 10 25 43 8 10 18 48 10 41 7 47 44 34 42 25 44 37 48 43 32 31 7 30 27 
21 31 48 37 17 10 17 44 8 22 24 42 19 32 45 36 49 44 36 40 19 19 50 31 21 12 14 8 26 19 6 15 19 24 43 49 24 21 10 18 23 32 32 21 12 26 14 17 40 42 41 28 17 13 5 23 47 6 49 44 29 23 24 49 33 26 27 25 47 15 47 40 19 17 43 6 16 39 40 25 49 42 26 40 32 5 34 7 40 17 21 25 31 7 35 41 30 30 35 6 
7 22 8 10 39 34 32 8 10 11 34 10 21 31 11 8 14 48 36 31 27 33 5 42 19 42 40 8 35 32 46 32 5 13 13 22 39 11 44 30 34 10 21 44 21 36 46 13 38 23 16 32 35 27 7 14 35 6 12 30 10 30 23 45 34 32 29 7 18 27 9 42 21 50 5 28 6 20 48 17 49 19 16 22 36 18 22 30 28 8 28 13 50 34 45 48 42 5 34 43 
27 13 18 32 11 12 23 13 31 11 9 17 11 17 18 19 35 23 24 41 5 43 49 46 12 5 16 40 30 23 45 48 19 21 13 27 33 49 41 7 19 8 37 6 10 11 31 30 18 32 11 40 42 43 11 16 17 8 13 46 36 30 48 21 7 12 26 15 37 36 31 9 31 44 25 43 27 8 32 27 28 41 18 24 6 35 32 7 19 16 45 36 27 8 20 32 49 44 21 17 
34 45 47 25 30 45 15 6 13 24 39 46 27 26 48 43 13 38 38 8 48 44 30 35 39 23 10 5 34 36 24 28 47 16 46 42 17 36 49 46 38 7 50 46 22 36 12 37 19 28 6 48 46 31 38 31 41 46 24 37 41 14 20 40 9 12 24 18 5 13 26 5 33 10 43 43 19 31 27 43 50 41 29 50 15 44 43 33 7 46 44 39 14 9 10 40 49 24 45 38 
45 37 24 34 27 43 36 35 36 43 12 25 7 13 25 26 20 33 8 37 14 10 12 42 46 13 26 41 50 16 31 25 49 36 42 44 32 35 9 24 49 37 29 30 10 37 5 23 6 16 5 38 21 29 41 35 37 17 22 13 24 31 29 8 37 26 8 18 26 19 37 46 7 6 14 19 41 14 5 41 49 18 14 38 9 25 47 50 17 33 17 23 48 44 10 24 7 17 43 21 
13 15 28 27 40 29 35 38 36 25 19 7 38 26 9 26 23 14 38 11 16 15 31 47 26 31 30 10 18 45 30 48 49 18 19 15 22 5 13 30 23 16 49 50 19 20 7 6 32 24 49 40 17 10 37 11 10 31 38 14 7 21 25 50 17 32 26 44 39 11 8 8 33 8 9 32 26 6 40 46 25 20 31 46 29 46 10 14 50 14 17 30 14 39 23 35 22 39 32 9 
20 40 20 42 18 33 9 35 27 13 18 18 25 43 30 49 45 28 25 24 34 25 9 39 21 42 11 27 31 26 15 11 33 40 9 15 13 11 40 45 46 23 5 33 16 16 33 12 36 6 48 23 15 30 27 17 42 17 10 10 17 5 35 29 47 9 28 22 50 24 44 40 23 20 47 21 18 14 36 17 41 33 28 27 50 40 11 19 17 36 28 45 45 14 44 50 44 12 42 19 
11 14 34 34 7 36 13 8 13 50 50 33 38 28 16 39 50 40 27 36 42 27 46 28 12 20 28 48 38 25 50 46 21 14 38 16 50 49 39 9 35 13 41 39 24 31 41 16 30 48 27 50 27 7 36 35 10 37 29 25 11 47 12 25 25 12 36 9 46 32 9 29 17 48 39 28 44 37 48 44 37 16 10 29 16 27 24 19 26 37 7 42 15 32 37 37 10 44 18 12 
24 17 8 41 39 29 44 46 35 31 36 29 22 43 48 15 41 50 41 10 9 10 22 13 12 43 10 50 45 36 42 16 33 42 10 50 34 28 11 12 48 15 14 5 37 40 18 41 14 50 11 7 35 8 36 12 8 27 13 37 31 37 27 25 10 30 21 34 32 35 41 15 21 47 29 44 7 25 6 6 14 21 42 17 34 15 22 50 39 32 16 48 31 30 43 23 34 46 13 5 
21 50 26 30 47 50 8 29 26 7 18 35 49 31 31 33 48 40 27 23 49 47 40 27 25 13 9 46 7 42 32 25 29 48 36 28 22 46 28 33 24 26 29 10 45 12 6 8 32 32 16 16 17 26 46 22 45 10 9 5 17 34 47 49 42 44 20 35 39 35 30 17 38 50 19 30 46 16 33 40 21 11 38 38 37 27 29 35 46 48 21 35 49 18 35 35 44 35 41 27 
43 7 41 27 35 32 20 5 30 42 16 8 10 20 26 35 6 39 30 46 28 23 26 48 40 43 15 47 42 7 46 46 31 35 22 8 7 17 7 23 10 24 18 5 37 5 49 21 39 47 14 10 20 34 17 41 26 20 28 48 19 45 40 42 27 41 7 41 5 28 21 33 8 41 32 9 5 24 18 49 16 6 11 27 14 17 26 44 23 45 10 29 36 5 38 20 45 48 28 42 
24 39 42 31 26 46 9 19 40 47 10 46 18 37 20 25 15 36 7 40 28 5 7 49 10 47 29 11 45 18 29 42 21 15 16 47 49 46 43 10 43 27 37 44 5 25 30 34 28 30 24 47 44 46 6 25 50 29 41 27 7 43 13 9 46 28 28 15 20 16 24 18 21 35 29 5 10 16 44 11 50 8 36 11 13 24 11 17 34 43 32 37 28 26 41 38 33 36 25 44 
34 42 50 7 44 36 40 9 12 26 48 37 7 36 12 6 11 42 16 20 8 7 19 12 25 32 14 50 46 43 20 7 18 50 21 38 14 40 37 23 35 9 10 5 39 19 26 14 34 17 33 32 14 30 13 46 9 7 25 37 9 8 30 12 31 38 20 39 34 46 48 48 36 48 30 22 14 44 44 6 23 26 33 28 46 10 6 15 6 41 50 6 40 5 7 45 16 41 50 38 
6 20 9 49 27 10 26 13 27 19 28 17 41 47 49 31 47 8 11 17 16 38 47 5 46 20 6 6 33 7 24 39 5 42 50 41 32 39 35 40 31 35 41 8 47 31 14 6 30 35 39 36 10 36 44 38 24 10 5 5 26 38 15 10 18 26 39 41 23 36 44 42 9 27 34 42 28 39 22 39 28 44 27 7 36 14 26 25 20 39 5 47 36 31 27 44 9 25 16 46 
6 8 39 17 24 44 45 29 49 27 24 8 25 38 19 18 27 23 50 27 9 8 29 49 30 9 19 24 37 10 7 38 44 26 32 10 17 23 31 9 29 26 30 17 7 5 15 31 29 41 26 43 44 32 39 6 49 9 24 47 27 21 11 8 42 41 12 6 27 25 33 11 26 31 35 10 24 44 39 17 37 7 38 47 50 34 14 50 49 26 11 18 7 45 29 31 30 18 30 25 
36 48 32 11 32 44 24 22 42 28 33 25 17 10 7 33 32 23 47 46 23 20 34 34 25 21 40 33 30 6 48 20 34 47 20 43 36 23 7 7 5 26 15 24 15 36 35 29 50 20 6 8 24 18 32 18 15 46 20 13 39 35 31 6 40 23 45 13 11 31 6 45 13 32 40 47 48 40 23 23 50 42 6 23 32 30 25 25 9 10 10 25 33 21 42 47 27 50 34 31 
33 40 38 23 27 15 7 13 50 16 37 13 20 22 40 13 49 11 16 40 30 50 37 18 5 5 40 29 7 37 24 23 22 29 14 14 11 10 9 45 22 20 45 14 5 46 14 38 36 5 39 36 43 35 48 6 14 9 33 42 24 10 36 46 50 36 44 29 28 5 44 21 36 16 27 14 35 45 22 18 13 47 8 49 35 7 30 41 20 21 38 47 46 10 31 13 40 27 16 21 
33 17 20 10 38 5 36 17 17 28 32 37 9 6 39 9 21 43 13 40 14 49 12 48 49 46 49 26 48 11 28 22 42 17 23 5 13 10 28 39 34 45 14 29 33 45 9 16 22 10 10 50 14 29 40 20 14 14 18 44 50 17 50 16 32 18 41 43 20 20 49 5 30 7 15 45 11 17 6 20 36 10 14 22 34 49 44 6 16 10 42 22 35 19 34 20 37 46 33 15 
44 6 30 33 26 33 25 14 37 48 6 30 28 23 49 18 20 16 33 6 25 42 19 22 38 21 29 46 34 27 43 9 30 18 32 18 38 49 24 7 45 32 27 25 29 13 40 38 47 6 19 6 19 46 25 29 38 37 8 8 35 47 48 33 49 50 47 49 6 42 48 24 7 36 36 8 34 42 12 18 17 16 11 41 39 45 43 29 14 14 11 27 17 22 44 21 43 19 25 10 
32 40 11 44 42 16 28 18 26 18 17 35 15 23 44 31 14 5 37 31 41 48 30 10 19 17 19 18 14 41 31 8 41 19 31 14 39 40 48 36 40 12 5 28 12 36 14 21 21 31 17 27 22 39 29 38 11 12 33 7 17 13 9 41 39 43 14 24 31 40 15 43 32 27 32 47 17 45 28 30 25 21 33 49 43 19 14 26 45 45 36 18 15 11 34 11 44 40 33 32 
8 35 44 21 16 32 16 18 8 9 34 37 15 25 43 11 27 29 40 50 35 20 48 38 16 23 10 17 12 42 29 22 11 13 14 6 18 11 25 46 14 48 33 46 17 35 8 12 47 50 29 43 49 26 38 36 7 41 24 6 50 38 8 23 31 40 48 19 41 9 28 40 5 50 35 5 46 12 47 21 10 16 26 5 18 40 47 26 9 37 17 34 46 36 39 7 7 49 26 41 
17 21 26 39 16 47 13 32 7 49 46 36 26 8 18 40 32 34 16 8 35 14 16 38 39 7 12 11 8 10 31 25 32 32 50 50 48 30 30 34 12 11 10 45 37 14 20 31 45 49 49 48 35 44 28 46 18 15 50 7 27 28 46 27 48 7 14 21 49 45 18 19 26 26 28 37 10 6 18 6 44 46 22 33 13 36 46 28 11 45 12 35 21 24 29 41 46 20 40 31 
22 28 14 31 39 48 48 17 43 7 23 38 30 18 28 19 12 48 25 18 31 28 23 37 20 37 35 35 23 25 19 40 42 24 13 14 25 48 9 16 15 19 17 19 38 9 50 34 26 5 38 22 7 6 21 41 16 22 27 25 11 40 20 6 29 37 27 47 23 34 14 42 34 32 43 15 40 16 12 27 26 17 47 35 33 32 40 13 33 36 14 38 46 23 37 36 5 24 43 43 
12 23 8 45 25 45 40 18 10 50 46 22 48 17 32 11 33 25 27 21 9 12 33 22 8 20 38 13 25 32 6 20 39 8 37 50 20 25 28 21 31 36 43 35 26 20 33 9 13 29 37 39 40 42 15 22 19 32 47 44 13 50 31 17 24 10 33 30 5 21 50 50 15 29 50 31 16 27 44 39 21 18 39 48 19 8 32 19 24 27 6 25 42 28 35 26 19 11 18 34 
20 28 36 16 12 40 5 28 10 30 19 27 22 49 18 11 5 39 12 42 33 18 29 26 42 32 34 20 5 46 20 29 44 40 30 33 12 19 40 49 8 28 31 21 43 10 35 33 29 22 39 5 18 35 41 14 16 22 32 48 46 8 14 23 33 39 28 45 11 44 15 25 40 35 41 45 9 15 29 37 23 10 17 21 47 13 36 12 28 37 40 7 36 12 48 29 36 13 36 15 
17 29 26 35 16 47 30 45 47 41 32 49 6 7 48 31 17 15 46 38 39 42 39 9 50 12 25 24 50 19 28 32 39 31 42 13 48 46 30 5 15 50 23 11 27 49 38 6 31 38 17 44 38 26 48 26 29 7 28 31 25 13 49 29 22 32 12 36 5 15 26 13 12 46 21 26 24 27 24 36 47 44 11 30 19 47 41 41 42 26 39 8 36 11 31 33 25 23 46 37 
35 29 39 7 12 48 31 13 39 22 12 22 24 29 38 20 22 22 16 44 50 45 8 29 38 17 19 37 49 39 10 24 32 41 48 43 40 41 31 37 46 38 36 14 12 38 17 26 41 21 41 31 48 36 43 9 37 26 5 30 45 39 28 47 26 46 12 33 46 39 36 43 42 18 14 28 49 23 7 31 11 45 18 36 32 17 10 12 8 16 13 10 5 16 42 41 50 19 28 44 
49 27 44 17 23 8 48 43 19 44 24 35 29 10 46 31 47 11 22 48 44 32 34 34 32 37 48 32 18 19 41 8 49 49 10 30 14 49 13 16 41 33 40 27 38 23 37 38 17 28 46 12 41 49 48 23 45 10 14 7 39 13 25 26 10 9 6 25 19 24 20 40 15 31 13 37 47 35 37 24 41 43 37 39 39 42 19 24 46 46 5 21 41 34 17 12 19 15 25 35 
