49 45 30 37 35 40 27 26 34 21 32 18 11 29 20 38 26 27 10 5 21 32 15 42 43 39 20 13 15 21 23 28 36 30 8 32 13 24 36 45 39 22 33 45 45 16 12 50 37 12 
47 29 11 30 16 14 30 14 20 31 36 18 7 48 12 47 37 14 49 26 47 32 46 34 10 21 11 43 8 26 29 25 45 10 29 32 40 30 13 10 44 21 13 46 7 31 24 41 30 23 
49 50 9 7 17 11 9 5 22 49 18 48 28 36 21 31 47 36 41 26 44 36 10 38 31 16 14 50 44 24 5 35 9 18 22 17 23 28 17 36 9 25 10 15 19 27 48 50 14 46 
39 45 16 45 6 27 5 7 12 11 26 29 39 46 38 18 21 20 27 22 42 32 43 16 19 36 5 8 7 11 38 47 17 20 27 40 13 15 43 48 28 9 29 8 18 41 28 26 5 6 
17 18 21 17 18 42 8 37 29 24 41 44 48 25 27 7 32 44 18 5 11 23 11 37 38 24 38 46 13 39 24 30 32 41 10 13 41 9 33 46 33 34 37 48 50 23 30 10 44 36 
24 7 35 21 47 25 35 29 18 38 33 28 21 40 19 38 33 32 12 48 27 8 48 16 22 19 13 48 26 33 43 32 43 13 43 6 5 15 17 36 50 27 10 30 27 36 41 50 10 20 
35 15 27 27 13 49 45 47 13 12 34 43 39 24 30 25 33 33 10 16 19 29 32 45 23 28 35 30 44 41 13 34 46 36 22 8 48 46 33 21 41 39 28 24 29 10 20 41 10 9 
22 49 14 42 6 49 17 39 13 28 45 36 8 43 13 27 37 23 47 33 16 11 5 26 49 8 36 21 19 16 26 13 32 45 22 19 45 15 38 48 48 10 21 44 48 47 27 30 34 14 
38 12 42 22 23 49 25 28 42 32 38 28 48 17 50 35 13 28 15 33 37 15 39 32 32 20 45 10 16 18 20 39 27 10 19 11 30 20 36 14 15 41 27 22 50 40 19 33 6 27 
42 8 28 50 7 16 45 50 23 6 47 14 23 49 8 37 16 16 21 18 39 39 13 16 24 34 45 15 29 50 9 10 6 27 37 46 50 16 41 37 40 36 36 48 41 23 6 17 17 16 
36 20 44 41 36 33 13 23 48 14 46 35 8 7 13 30 17 20 38 32 44 33 31 46 14 46 24 34 11 34 47 45 40 42 28 31 25 40 9 26 19 18 10 37 40 23 30 11 15 39 
15 37 16 25 19 7 22 47 18 35 36 14 6 27 20 5 39 45 48 37 41 8 16 36 15 50 13 11 45 9 15 47 39 36 17 43 6 44 38 46 38 50 9 39 20 31 48 30 12 22 
8 21 32 47 47 28 11 28 28 27 36 26 12 48 5 19 45 49 6 9 16 46 34 10 18 5 5 30 31 41 19 18 11 11 49 20 12 50 38 34 45 16 44 43 13 47 15 21 5 21 
47 35 45 41 32 18 10 15 12 40 31 11 16 15 18 26 12 27 13 40 26 25 28 12 28 27 50 11 10 12 39 23 41 14 31 30 26 14 46 23 43 22 7 12 49 25 5 32 31 21 
31 36 43 46 22 30 9 32 31 37 6 47 21 6 50 29 44 5 12 14 41 39 42 48 47 7 15 22 27 40 43 50 35 25 32 39 34 22 15 20 6 12 38 19 20 19 22 22 33 47 
35 46 14 25 42 17 22 38 34 13 49 29 30 18 21 5 33 36 28 15 25 13 38 18 47 43 27 25 9 23 31 10 16 16 6 21 41 45 17 50 40 7 27 11 19 48 19 25 6 42 
29 48 42 38 8 32 9 42 29 6 35 43 36 33 19 18 6 15 24 42 15 6 5 50 36 22 48 46 22 32 18 46 30 12 44 35 41 31 36 13 24 7 36 27 14 43 18 9 40 13 
47 50 13 31 18 7 5 48 24 7 14 39 34 50 37 20 10 49 8 19 46 43 22 19 29 28 49 21 39 48 19 10 8 11 29 35 20 17 5 38 40 10 22 46 31 38 39 7 48 9 
33 9 19 29 10 41 8 13 19 20 35 41 36 39 14 23 8 40 19 43 30 20 39 9 29 13 18 17 33 19 17 11 35 7 43 42 34 39 31 34 19 8 45 17 50 40 40 42 31 16 
11 6 19 44 21 15 18 22 25 32 33 7 14 32 16 40 10 7 19 32 27 39 27 5 50 24 50 16 25 20 49 24 14 31 29 46 25 37 49 42 43 45 14 37 25 35 12 21 29 18 
41 12 6 44 13 40 49 8 49 27 30 46 34 38 17 13 48 22 35 40 35 10 5 13 44 18 40 37 36 37 39 45 12 9 38 29 9 10 37 38 5 37 40 16 27 29 14 43 38 39 
19 23 45 46 13 17 48 24 49 20 19 35 44 50 43 46 24 15 21 47 17 49 50 31 16 40 47 48 24 14 48 19 43 41 12 38 31 7 35 24 23 44 5 43 19 47 43 43 7 45 
9 44 37 13 28 29 27 24 22 34 32 25 44 21 17 26 43 42 24 30 28 46 38 12 16 40 47 17 37 22 33 13 17 44 37 43 16 11 42 24 5 43 12 11 30 27 37 26 27 25 
45 46 49 43 26 12 40 28 27 36 35 47 15 46 10 23 50 18 42 30 18 20 31 39 22 34 13 13 24 19 18 29 5 42 22 7 47 7 43 7 31 20 19 15 15 15 48 25 30 37 
15 25 16 8 49 9 15 22 9 27 13 32 40 38 37 10 25 11 41 24 28 39 24 27 10 44 45 6 17 9 33 11 50 49 13 30 49 21 35 40 10 27 40 38 48 29 30 39 36 28 
6 25 50 20 19 8 6 49 42 15 49 17 38 50 5 35 7 45 31 10 20 5 45 16 45 40 50 18 37 28 45 46 19 40 10 46 44 12 18 32 24 20 34 19 32 5 24 8 22 21 
10 37 29 13 15 45 39 44 36 28 8 41 50 22 40 36 15 47 6 15 27 19 21 29 30 40 35 20 41 16 5 26 37 50 18 31 50 32 43 24 30 18 32 12 13 24 15 13 12 45 
22 48 10 22 28 12 34 30 10 39 20 17 8 31 29 6 34 21 33 26 42 32 15 7 33 18 18 42 9 43 19 12 8 48 49 38 38 30 9 42 41 6 21 20 46 39 27 47 45 28 
15 5 21 38 21 47 9 43 20 17 35 5 26 24 45 36 17 26 21 43 19 50 30 44 13 20 12 28 48 21 22 23 32 40 7 30 11 19 9 46 42 23 9 42 28 31 12 50 17 25 
45 28 34 13 49 29 32 32 5 36 24 24 6 17 19 11 27 48 31 19 15 6 30 11 23 11 28 16 14 25 12 48 39 27 20 8 34 16 31 26 46 41 45 17 25 23 14 11 34 17 
34 38 36 11 46 27 40 44 33 39 32 42 14 24 34 50 42 22 47 44 47 24 30 46 16 45 20 17 50 41 29 49 42 45 32 18 28 43 21 18 29 27 5 8 45 11 30 44 6 39 
42 24 11 42 6 25 26 28 49 6 9 38 8 41 45 43 42 16 42 45 26 27 24 35 23 38 31 12 38 6 41 34 35 16 30 37 23 47 19 40 18 23 18 15 36 27 40 14 32 5 
15 17 13 50 40 15 50 41 5 46 16 10 41 28 38 19 16 7 30 35 31 43 38 33 26 7 23 6 19 22 15 16 9 30 34 42 35 20 36 24 5 25 25 19 10 14 29 31 50 48 
27 7 22 5 42 38 49 18 18 22 41 47 50 27 10 23 29 23 42 12 22 22 25 10 39 28 9 29 21 29 30 43 15 33 43 44 40 12 49 19 29 14 9 31 48 43 43 10 30 34 
43 32 45 50 40 5 31 46 33 25 43 49 33 16 14 50 36 11 29 41 17 11 5 42 15 26 35 44 45 35 43 27 9 35 8 12 40 40 18 7 17 12 5 41 9 10 11 33 12 42 
25 50 42 20 42 28 46 29 25 31 37 13 27 43 7 46 8 20 16 25 50 12 36 26 17 38 37 7 35 31 6 6 21 19 40 6 8 15 45 43 47 41 44 17 10 20 30 34 37 33 
45 13 9 7 42 24 17 22 32 16 38 38 40 43 18 30 32 9 18 6 50 7 42 11 24 21 45 39 38 24 47 47 12 27 18 27 9 36 19 33 22 36 34 30 26 43 38 7 17 50 
12 35 22 22 25 14 24 44 47 37 17 39 21 35 14 34 22 31 22 42 31 15 17 50 16 8 38 38 46 14 10 38 13 27 11 10 36 6 14 26 32 5 14 31 42 32 19 9 35 41 
11 45 19 41 18 25 34 34 36 22 43 47 13 17 39 17 37 7 30 23 34 44 9 16 11 18 24 13 37 30 12 18 22 19 27 32 48 6 7 9 43 47 50 28 17 48 45 9 18 7 
41 7 26 11 32 8 15 32 36 49 11 47 30 18 27 48 43 34 27 15 41 29 23 22 19 42 41 35 24 39 27 8 31 26 42 7 31 15 23 34 12 17 37 11 45 33 9 9 26 32 
47 16 30 12 30 43 7 9 29 46 35 36 11 26 48 45 14 34 36 36 17 19 9 12 17 9 20 46 26 36 15 22 38 40 42 40 41 23 37 50 17 45 14 30 10 17 23 12 9 13 
35 34 48 45 39 10 10 6 5 35 20 44 50 48 19 26 38 11 37 49 31 46 21 31 14 17 50 17 8 9 15 12 19 10 46 37 37 37 17 42 12 11 45 21 41 30 6 46 45 25 
32 41 26 7 35 47 6 42 20 25 9 32 36 18 23 11 27 5 18 39 41 27 7 29 17 29 32 38 41 28 32 6 38 25 6 17 16 49 6 22 28 9 50 15 5 7 25 44 5 12 
33 5 13 33 37 45 12 30 43 47 14 37 21 6 15 33 42 28 27 30 45 42 10 37 27 48 40 27 50 30 35 6 13 31 39 45 8 5 40 7 43 27 30 31 27 19 48 45 5 28 
5 43 16 31 28 5 29 5 22 31 18 38 14 26 41 33 19 26 27 11 42 15 33 49 23 50 13 41 23 6 27 50 50 23 18 23 12 7 15 17 14 28 8 16 21 14 18 46 45 8 
40 9 10 37 44 41 10 5 38 26 31 42 8 9 46 9 45 33 43 12 22 39 15 6 50 45 42 24 6 5 22 36 42 32 29 28 16 47 41 31 17 24 5 35 15 39 50 16 35 9 
15 50 36 45 36 39 34 42 8 33 16 40 45 27 38 25 12 7 18 9 30 13 43 6 14 8 9 38 22 39 46 40 16 35 9 12 7 37 21 5 6 9 31 16 35 6 26 15 39 18 
28 23 37 6 15 22 39 43 28 29 37 39 25 28 28 10 6 46 27 17 11 17 11 43 24 26 31 47 20 26 12 32 39 36 49 39 38 41 8 7 43 25 8 25 25 44 47 30 17 30 
10 6 40 13 47 16 19 17 15 39 13 6 49 22 31 30 44 33 19 26 7 26 25 36 14 28 28 18 29 11 18 46 19 29 6 21 24 12 19 36 33 11 44 24 27 36 8 44 47 16 
42 49 21 50 20 5 48 7 22 33 34 16 50 21 6 38 19 7 15 15 47 48 30 41 7 9 39 10 36 17 35 37 48 39 45 27 39 48 15 27 11 34 15 34 14 34 31 47 35 28 
