153 307 355 249 47 203 424 302 256 202 124 17 494 95 160 458 486 144 485 217 268 141 349 39 179 393 288 223 84 166 413 249 446 16 224 438 192 36 161 20 489 485 384 317 57 123 448 433 264 106 
58 79 124 185 183 157 344 392 349 351 448 130 340 365 252 7 466 329 178 257 401 16 189 188 16 343 163 348 413 445 157 434 295 263 38 81 254 177 231 214 283 59 288 216 334 64 224 112 318 125 
354 22 20 117 485 9 150 129 194 438 357 406 7 247 494 10 397 43 395 171 293 366 387 146 259 13 230 282 185 344 179 192 130 126 484 278 149 421 201 395 35 218 240 109 234 322 232 48 49 32 
78 84 280 197 210 82 157 354 348 169 156 395 344 473 444 199 88 359 485 60 181 258 92 123 401 394 136 105 447 9 181 106 219 391 476 21 246 419 276 22 277 201 133 117 12 431 45 325 481 13 
364 279 94 334 291 411 114 152 323 452 17 88 324 498 296 275 449 21 405 134 433 236 491 83 283 434 169 427 165 335 10 263 152 94 359 5 426 193 103 327 364 104 404 101 86 42 181 245 73 335 
174 439 111 130 480 313 161 135 342 279 36 428 195 473 112 392 193 231 290 141 323 463 73 320 165 40 66 326 269 315 448 299 153 7 241 73 291 39 132 360 207 131 196 167 318 179 89 281 41 224 
94 475 71 166 48 412 338 332 59 69 190 295 169 494 151 344 42 382 115 125 445 44 200 201 287 342 107 389 120 68 298 438 393 173 77 257 95 207 362 482 148 190 94 96 345 251 261 311 302 338 
432 64 496 121 67 351 69 481 183 361 133 473 421 127 127 165 296 187 284 285 127 322 453 500 289 337 125 29 243 418 430 178 248 104 290 341 252 117 31 307 402 196 483 134 170 319 11 490 6 69 
148 260 452 180 416 164 167 436 408 118 323 64 422 234 76 300 259 397 93 207 316 445 444 267 5 283 142 426 288 377 105 155 429 212 53 416 80 488 367 355 12 443 405 366 291 244 483 101 54 438 
44 129 195 372 294 125 280 404 274 190 26 292 395 124 422 302 483 254 132 366 250 166 86 485 417 420 80 244 466 467 196 434 369 69 132 282 345 80 442 500 181 472 302 147 130 468 121 373 238 19 
446 103 313 230 273 377 148 34 155 372 441 181 438 450 333 259 259 385 273 352 226 151 444 429 194 336 273 468 464 335 120 211 228 383 91 138 133 7 115 476 454 110 367 183 253 466 18 45 28 273 
118 274 249 39 260 203 182 429 325 459 336 230 23 173 336 334 415 436 178 229 254 176 348 472 378 424 120 222 157 189 275 415 138 295 473 370 50 176 198 353 127 425 145 326 384 158 308 385 216 317 
111 177 297 207 132 412 134 471 147 236 119 140 177 348 86 21 428 133 431 61 186 11 7 333 153 152 458 463 375 172 59 400 477 424 460 168 171 482 24 329 228 456 489 345 51 146 174 404 235 406 
500 205 78 447 56 124 152 250 186 490 467 10 363 31 304 252 148 355 287 79 342 450 308 170 161 390 42 157 326 169 40 146 429 232 176 302 405 410 222 215 381 334 495 469 219 212 416 379 478 194 
36 320 178 218 119 417 59 92 450 386 365 284 204 136 276 53 401 237 155 355 344 158 313 102 272 378 61 50 407 123 400 369 324 484 409 235 72 298 382 317 407 395 219 199 205 157 407 233 441 401 
139 113 468 25 185 296 117 72 431 444 274 145 381 339 57 180 293 159 210 463 405 248 309 132 231 35 106 327 67 441 317 265 332 382 142 181 298 458 56 359 424 71 486 64 81 137 286 352 270 244 
330 441 311 372 147 191 69 151 395 329 250 390 238 135 18 48 113 323 254 491 387 75 5 494 237 479 334 111 352 220 232 462 16 408 182 182 263 317 247 103 93 356 35 77 447 126 329 410 6 309 
256 34 392 320 15 421 360 379 205 44 325 155 478 444 467 331 243 68 183 26 36 176 161 464 272 105 208 456 266 13 337 385 391 93 350 344 76 457 243 196 251 347 404 208 342 310 362 437 315 452 
214 444 145 217 234 97 486 73 113 41 406 53 33 53 471 21 360 161 113 58 468 386 37 331 475 328 330 422 213 82 75 72 348 245 158 485 368 489 35 266 493 70 424 159 448 163 435 60 443 171 
257 386 143 178 12 415 471 279 474 417 317 129 112 465 365 266 181 212 105 351 155 294 386 317 358 312 67 303 153 37 219 46 400 7 62 200 113 451 458 423 377 24 5 486 165 144 16 191 310 94 
480 28 385 229 420 450 477 42 303 264 251 112 74 39 193 400 139 155 400 261 36 182 162 457 184 12 495 21 381 84 119 461 97 155 122 394 45 282 276 62 106 219 260 486 157 445 471 53 298 247 
78 234 193 144 398 331 315 490 256 13 151 458 177 29 204 470 263 220 325 73 333 399 422 203 87 140 25 18 135 353 378 428 430 185 123 489 303 433 114 93 478 309 479 369 35 112 347 148 264 334 
413 41 473 495 75 454 238 197 323 55 29 313 253 280 340 153 170 387 294 109 11 136 495 380 375 202 364 308 266 209 81 83 390 446 409 255 325 7 126 446 58 372 412 253 387 298 281 99 110 38 
134 220 316 476 297 119 441 21 448 364 241 96 35 320 323 384 22 247 15 395 416 272 335 173 354 261 347 314 183 378 93 239 52 423 193 49 119 102 205 253 237 186 220 271 237 28 421 131 349 144 
202 252 90 180 353 230 320 37 356 455 405 433 367 165 446 452 70 186 201 207 33 7 342 63 180 332 311 393 347 236 324 347 376 284 413 468 328 161 60 222 407 168 195 287 26 102 13 287 6 59 
81 91 291 111 24 316 175 404 11 71 281 146 51 467 262 128 115 321 218 200 376 445 118 228 203 393 263 297 241 149 26 464 367 77 192 20 31 452 235 303 250 311 171 140 121 143 272 373 364 164 
69 308 444 146 191 384 150 214 86 470 114 36 432 385 178 110 20 87 192 268 498 110 99 258 111 84 413 283 338 326 300 479 199 308 218 10 160 280 288 402 63 194 403 156 440 476 251 307 370 195 
449 61 151 164 146 282 33 403 244 73 227 477 248 147 114 100 447 266 373 66 280 156 329 38 122 178 78 20 46 264 209 31 247 100 294 452 192 51 162 73 225 438 105 61 267 156 23 317 154 196 
172 497 401 98 167 189 8 15 141 155 86 434 283 48 246 190 12 288 240 25 496 130 229 498 358 393 35 247 338 446 471 263 485 267 89 246 411 319 330 447 225 364 268 440 323 9 470 440 206 373 
178 251 314 142 311 122 373 343 395 164 14 338 440 257 44 383 381 14 217 261 330 383 167 430 262 115 415 267 346 62 144 139 196 111 272 56 155 370 25 236 362 289 294 234 129 55 431 108 77 213 
412 449 89 306 208 391 138 387 318 297 260 36 359 127 412 467 466 348 100 253 134 97 498 270 28 96 318 410 24 63 331 86 24 351 61 101 249 300 96 362 175 124 464 85 39 229 48 478 206 106 
431 25 195 370 118 444 135 340 496 440 15 453 331 409 144 210 157 268 343 387 71 66 87 180 7 235 303 306 233 319 444 22 443 342 29 313 119 22 322 221 151 427 427 251 447 496 386 412 373 394 
129 383 228 416 345 219 404 295 439 27 348 244 203 43 432 467 245 485 259 23 227 54 60 201 229 178 103 429 231 419 166 401 361 183 261 322 453 57 76 267 343 146 372 399 345 397 34 454 375 34 
390 11 118 328 319 11 232 316 98 378 199 385 226 217 453 374 145 446 68 193 317 390 269 206 372 219 327 271 75 351 480 454 53 455 118 277 250 459 14 180 436 100 470 468 99 142 322 130 18 52 
12 473 96 173 133 34 460 487 243 146 362 475 124 153 255 97 217 107 65 161 398 455 176 76 346 256 327 471 336 218 341 6 122 414 112 335 5 257 72 357 59 500 204 282 337 55 495 148 362 180 
146 180 74 378 278 237 415 338 89 207 468 149 472 487 307 317 207 11 432 121 56 10 289 276 304 110 352 64 422 489 382 426 300 431 23 126 366 379 236 96 490 457 320 150 273 280 306 278 209 199 
249 41 195 373 67 224 184 17 209 370 51 252 87 350 434 486 404 135 406 282 304 155 233 485 421 331 278 465 156 116 444 495 353 163 38 74 117 382 465 28 477 162 113 377 499 373 296 107 285 207 
133 360 483 287 458 177 314 192 221 445 216 283 267 118 49 247 454 380 278 108 405 157 89 316 464 322 479 247 298 178 177 490 86 161 295 304 329 241 116 290 95 215 220 201 287 59 429 364 95 247 
189 12 352 239 471 74 166 247 30 71 213 13 188 349 415 128 413 99 70 171 279 278 8 383 96 163 451 340 484 313 496 305 55 98 315 222 303 301 94 494 289 205 320 191 258 46 48 385 219 292 
450 380 257 214 103 185 384 161 365 131 312 394 481 79 11 438 323 442 422 90 305 191 482 324 406 437 375 208 406 145 12 148 167 130 397 326 385 386 145 223 188 317 401 122 283 363 117 101 420 266 
171 12 368 102 358 204 382 353 132 416 467 287 444 113 44 39 145 199 411 454 445 69 340 370 196 479 48 137 402 15 267 432 436 40 275 90 302 270 165 471 389 421 250 55 110 320 139 435 410 8 
314 288 424 461 80 359 234 453 69 432 381 199 98 306 490 11 178 288 210 305 340 52 371 80 87 381 389 20 47 420 458 227 408 152 196 457 184 29 417 168 191 251 87 424 225 238 265 247 227 58 
367 101 199 270 231 347 241 342 8 409 27 277 249 273 300 213 216 314 371 253 456 406 321 379 304 164 298 32 124 47 267 177 112 214 251 146 208 188 201 64 53 325 120 238 379 218 334 347 322 95 
430 263 136 130 378 304 484 252 303 42 43 233 61 184 413 335 355 334 137 247 29 226 96 223 83 72 427 439 140 171 208 319 96 125 101 103 419 324 264 85 50 7 409 418 395 284 446 363 468 184 
195 349 363 431 330 359 425 299 292 479 490 289 403 275 102 54 384 483 214 426 63 270 220 204 310 170 250 52 312 57 465 196 431 279 141 500 340 219 292 103 93 207 49 280 333 423 397 389 436 199 
305 437 250 358 345 434 477 174 118 196 498 279 107 412 64 403 234 308 353 359 161 9 157 37 383 463 445 392 240 493 258 449 442 239 333 284 316 302 367 76 57 488 389 59 449 164 281 440 433 71 
77 496 41 256 430 453 7 297 82 174 384 321 295 22 408 243 326 410 243 57 163 264 275 160 153 398 293 190 466 206 72 59 397 276 213 278 401 356 39 233 146 485 463 209 202 289 155 222 298 384 
248 106 65 33 348 276 472 328 197 347 178 421 239 257 428 206 391 146 446 244 439 54 15 264 221 193 487 271 89 135 439 197 38 68 228 221 9 59 460 224 189 372 203 161 240 230 198 303 133 37 
174 95 111 485 61 397 336 309 210 480 37 40 280 225 432 146 147 417 11 393 6 188 39 491 193 71 15 491 171 365 289 301 123 422 483 244 144 346 333 24 185 196 306 31 38 70 319 244 163 163 
465 194 121 420 68 245 401 64 355 72 332 20 190 430 199 428 155 248 492 61 249 341 327 326 262 363 36 358 243 412 437 20 202 306 365 283 173 420 188 35 495 113 24 118 403 421 165 33 258 135 
