342 61 276 389 422 154 418 79 368 30 130 119 192 62 221 301 45 224 281 33 19 233 430 301 439 380 225 438 11 257 314 227 338 380 307 13 308 317 365 388 363 158 279 207 372 330 199 402 480 354 292 379 201 231 189 52 232 266 269 436 165 153 500 317 195 304 71 227 419 138 249 464 297 56 196 350 37 339 237 438 417 64 223 434 305 135 185 428 251 70 290 389 251 83 177 85 483 98 453 176 
73 491 353 387 28 295 409 390 307 401 314 13 21 386 102 128 346 295 458 352 87 119 196 436 470 201 379 56 25 455 357 260 420 437 494 90 60 296 338 101 373 229 223 280 490 400 173 180 334 498 495 359 156 294 153 384 90 358 289 481 182 194 106 107 201 264 115 421 465 71 80 61 412 66 89 394 11 496 419 324 379 157 136 344 357 427 458 490 57 192 203 232 270 344 228 429 73 175 103 106 
113 11 186 286 78 135 397 276 40 170 342 254 240 349 329 224 301 75 26 175 360 272 73 446 173 399 492 161 150 410 384 286 220 60 144 254 45 27 393 103 119 488 351 19 314 467 470 419 111 319 102 363 470 243 294 209 119 432 204 97 420 474 93 91 493 70 123 336 273 426 127 269 186 310 82 309 69 94 440 474 23 315 480 118 99 249 328 278 21 8 461 61 222 167 60 471 19 364 494 353 
134 462 194 96 150 232 380 347 140 271 181 369 319 370 204 43 109 260 25 359 126 454 229 108 43 323 235 47 437 359 442 409 98 337 408 468 450 225 37 467 96 464 13 99 292 342 241 208 59 38 439 20 230 121 433 94 306 336 154 15 305 311 58 160 64 408 421 482 34 127 294 101 452 465 213 500 495 483 7 448 51 338 439 244 294 93 444 226 101 498 131 471 497 363 203 327 396 35 294 115 
59 24 249 229 393 233 139 36 458 42 272 384 290 423 147 227 285 369 144 304 141 258 160 256 256 238 82 50 220 401 20 423 95 201 306 35 433 133 194 448 350 406 200 333 57 109 182 95 299 265 332 221 291 368 473 229 445 78 24 106 247 186 436 147 275 24 76 373 375 363 240 207 441 499 452 309 135 477 455 460 300 189 309 348 428 132 247 202 252 103 6 154 483 294 433 403 21 61 283 282 
73 275 328 51 186 25 402 105 8 127 464 311 463 227 427 407 229 235 488 215 345 20 125 181 479 482 62 458 336 385 201 175 423 117 42 449 496 251 272 177 214 347 422 328 446 66 277 164 443 473 323 405 441 462 7 484 469 6 129 424 377 397 162 115 59 8 55 251 178 54 126 436 52 70 204 106 129 190 118 39 57 388 390 344 143 402 179 491 66 234 405 441 72 151 67 116 474 357 324 399 
370 500 62 240 455 119 283 17 148 390 210 406 481 209 152 389 46 96 312 346 53 431 163 284 105 18 440 389 229 363 12 388 78 115 485 500 35 404 10 231 60 156 43 81 479 12 338 44 133 104 96 434 154 93 369 136 175 59 39 480 203 489 392 431 462 25 218 266 451 393 299 242 447 353 290 494 409 136 214 193 134 482 138 70 31 119 45 49 309 429 434 197 36 466 110 482 482 32 133 278 
268 305 318 255 443 105 411 104 485 139 310 381 162 436 52 73 95 227 190 79 236 470 459 51 317 229 432 69 248 321 389 429 407 386 275 100 181 325 388 102 412 408 34 128 169 107 34 214 307 244 300 460 61 351 167 224 179 60 214 37 154 22 494 171 85 477 19 249 329 124 7 376 402 194 220 92 297 51 218 396 246 298 266 498 371 260 101 472 402 62 10 391 394 95 160 393 220 351 303 363 
85 77 349 154 15 348 462 358 394 179 20 439 486 148 390 249 138 167 442 263 273 148 483 257 259 103 332 367 175 199 430 461 61 261 32 104 221 346 130 79 208 343 369 35 456 65 12 179 469 371 264 307 309 490 12 138 78 301 69 290 57 360 230 107 144 271 91 141 321 259 109 333 318 343 489 362 60 145 278 236 379 309 304 364 442 295 321 443 9 105 219 113 206 81 495 470 51 191 221 11 
344 102 326 30 17 268 345 37 451 121 237 228 204 213 380 128 66 114 73 260 424 337 382 64 448 318 405 165 153 24 236 104 82 174 273 391 301 396 7 466 52 333 347 298 46 133 170 118 109 35 5 377 187 46 376 472 232 474 162 434 473 432 471 275 384 21 312 374 115 342 55 307 220 159 29 67 292 445 437 169 292 458 28 228 404 43 177 276 228 469 78 16 468 180 302 212 249 412 235 92 
483 174 311 135 401 64 271 339 186 17 12 399 155 223 372 296 266 11 410 115 308 72 18 466 102 202 142 183 98 457 242 319 353 246 44 259 80 291 343 297 340 29 93 38 265 117 125 352 194 189 473 351 82 125 291 108 171 160 477 9 493 138 107 182 466 25 199 89 225 171 348 172 109 22 262 301 253 66 291 397 446 40 52 139 167 189 117 65 338 320 180 204 159 356 485 440 398 373 227 124 
222 316 276 476 229 263 225 223 7 223 421 435 162 248 256 234 489 291 100 48 181 69 152 123 103 359 458 120 496 17 361 152 439 67 130 338 127 133 236 229 435 497 491 50 168 232 234 348 156 17 271 482 436 179 198 115 272 145 25 295 192 301 135 463 159 438 437 242 490 26 328 443 440 243 473 217 274 138 318 379 153 46 292 479 239 434 460 433 329 55 458 9 369 379 84 218 269 288 300 482 
351 476 130 32 500 217 205 115 136 432 245 228 205 117 371 344 371 262 80 91 481 167 388 445 24 78 411 131 113 254 174 384 40 419 297 238 452 289 170 241 176 177 436 460 373 485 53 386 80 435 133 285 282 89 77 436 190 369 428 301 65 301 53 173 405 212 210 271 316 10 150 465 191 311 8 439 302 200 256 157 372 235 222 264 53 74 13 207 355 495 224 112 452 415 367 24 43 389 330 301 
292 86 392 73 444 193 405 296 51 201 18 365 135 74 398 269 324 221 117 300 464 178 429 419 337 237 275 313 288 203 82 435 461 461 360 204 214 475 106 360 194 169 126 490 288 36 415 35 119 25 8 77 458 314 292 303 293 82 102 142 301 397 123 446 7 179 210 309 484 383 251 160 20 411 231 235 93 93 393 403 338 317 204 202 209 363 177 395 484 304 206 340 403 344 428 273 198 463 360 30 
247 80 308 329 325 356 459 286 82 22 169 196 29 445 83 310 163 75 201 199 257 442 364 320 308 35 487 243 454 372 105 57 45 53 255 153 465 182 215 410 357 496 175 344 172 247 15 377 487 159 217 415 301 91 188 469 290 220 263 498 481 92 214 197 80 274 152 165 124 275 24 56 105 265 209 115 441 37 33 251 413 235 350 380 15 441 153 50 161 129 57 251 212 340 424 375 213 419 438 115 
353 189 278 279 498 399 307 143 149 100 9 437 151 12 352 70 151 193 106 50 131 134 397 188 170 359 269 365 443 67 375 370 444 274 437 464 160 122 401 427 98 453 23 34 5 348 175 131 435 402 183 106 281 75 212 315 62 159 39 278 237 383 416 53 338 237 63 254 358 106 34 34 291 173 319 183 409 470 476 20 169 41 280 295 322 124 346 157 189 479 273 401 333 455 177 86 202 435 413 293 
400 197 324 58 175 257 50 479 10 129 364 340 351 327 11 46 401 87 312 203 118 99 122 28 189 311 34 195 302 282 419 64 388 212 446 16 62 317 500 183 57 343 275 318 469 272 139 6 226 22 91 329 197 8 263 156 404 16 189 178 239 464 143 79 276 348 480 367 425 280 346 111 121 464 21 49 389 496 442 432 468 12 410 7 184 21 96 83 178 388 15 61 125 90 120 204 123 315 447 335 
54 280 116 194 176 100 165 400 126 216 292 410 247 481 412 391 419 20 22 493 423 402 296 124 355 471 408 184 200 410 135 21 84 78 408 411 366 208 243 462 239 251 148 196 435 357 275 494 370 494 233 400 383 254 305 32 344 387 90 284 255 254 157 324 244 312 349 78 444 31 262 115 363 184 474 194 25 105 379 433 229 31 204 458 32 313 205 286 246 264 16 123 283 283 404 74 107 382 263 98 
254 315 173 265 396 23 472 354 67 411 341 205 13 368 221 409 331 291 157 353 9 70 497 203 173 241 284 30 11 136 330 500 144 290 214 290 328 237 101 73 487 467 240 171 39 111 7 275 75 52 121 356 233 143 316 447 227 431 234 387 216 133 383 470 428 479 50 492 371 143 468 462 249 122 478 323 297 170 464 71 192 499 12 144 200 188 87 102 232 260 133 338 42 438 290 44 318 338 436 68 
72 26 92 498 75 332 332 307 383 30 247 170 133 494 104 373 33 285 317 492 408 47 301 381 379 117 75 213 187 491 41 171 486 209 74 33 379 339 344 484 176 435 10 56 419 290 232 275 170 449 31 485 181 391 466 447 282 262 76 355 256 429 222 319 434 282 417 75 416 302 222 468 229 15 430 236 331 499 44 314 400 155 180 496 290 212 32 110 335 442 60 365 379 18 219 171 324 40 37 135 
86 38 326 416 180 498 123 69 316 174 227 489 405 456 51 427 421 9 493 398 297 142 425 401 15 46 228 351 248 183 215 229 74 62 242 464 215 137 111 154 208 27 60 432 232 184 112 130 431 182 282 235 44 482 473 101 217 445 326 84 30 84 169 254 149 487 312 431 326 280 404 58 149 85 332 371 430 293 325 351 251 245 69 297 411 372 118 290 419 170 256 64 85 498 420 321 147 80 29 448 
357 263 20 70 476 328 75 63 221 289 389 358 196 298 382 371 48 341 474 388 136 115 304 100 227 260 126 141 336 259 463 380 348 20 301 411 169 402 425 252 303 11 267 126 14 386 307 184 328 283 446 207 57 38 23 489 201 99 145 5 424 223 71 416 282 58 205 63 325 238 160 498 203 450 364 452 170 465 92 493 451 118 12 45 11 250 434 138 276 370 347 102 342 20 432 391 355 188 261 395 
224 418 167 459 498 378 432 163 248 31 107 289 295 304 120 266 30 44 203 271 190 226 442 425 261 218 463 10 163 409 478 481 225 212 174 471 134 398 472 349 141 93 105 225 269 337 301 397 162 413 78 434 367 93 111 18 390 187 27 253 423 436 244 499 44 448 364 17 346 498 283 460 458 139 495 61 339 16 188 138 435 299 153 347 236 268 133 497 83 447 43 458 59 171 312 55 240 217 106 296 
471 176 80 101 22 30 215 235 43 106 468 13 320 483 396 486 397 440 335 343 127 427 405 471 299 496 327 121 394 485 337 59 131 393 295 327 132 270 338 410 120 226 34 435 137 130 250 291 29 262 239 477 410 104 185 483 314 406 471 420 362 184 33 41 256 478 261 65 172 226 238 158 327 169 75 401 364 372 19 100 195 406 77 79 174 381 62 73 352 347 427 309 213 299 96 25 289 311 469 140 
412 222 77 9 339 370 412 151 216 435 212 347 95 88 453 8 119 184 21 339 478 379 91 385 302 451 266 54 113 14 476 292 386 9 429 281 109 260 329 294 386 222 436 409 297 241 82 155 82 108 269 279 309 94 219 330 55 413 166 208 198 243 34 250 298 276 333 224 229 198 271 143 152 240 113 319 144 413 359 50 261 343 344 343 266 413 39 273 58 300 230 110 141 420 253 436 306 472 171 235 
430 294 408 447 97 348 460 226 479 435 262 139 475 248 33 195 42 202 101 297 26 282 59 445 290 38 272 37 74 423 453 242 218 210 171 337 246 464 358 164 48 52 247 64 289 417 446 140 38 134 295 298 388 133 445 96 110 231 51 53 60 314 361 15 495 260 313 220 76 28 177 412 461 316 72 8 384 65 350 378 406 414 135 282 175 430 222 110 111 117 479 275 266 315 14 155 38 394 25 288 
440 266 110 182 92 177 207 496 141 315 326 421 309 319 35 73 220 19 212 328 69 248 449 447 5 130 361 460 229 480 15 150 401 59 330 311 226 120 184 230 282 291 425 31 62 477 417 338 27 249 160 302 23 378 498 14 112 135 301 342 382 394 457 289 415 112 311 407 227 393 465 242 284 171 335 336 215 364 179 100 89 420 459 243 223 252 250 172 368 41 398 155 253 239 475 460 248 409 214 432 
386 204 80 297 323 193 289 18 376 183 113 19 325 330 456 191 272 62 475 271 284 332 391 50 240 206 445 302 259 17 273 197 137 48 59 298 310 175 36 110 157 409 117 419 292 87 83 213 63 410 332 110 385 93 387 436 208 179 310 46 174 271 50 447 115 319 223 122 415 16 118 401 176 452 268 425 452 455 67 283 218 206 128 215 273 54 407 239 120 189 90 372 356 10 493 247 77 102 176 280 
119 197 433 178 284 149 215 241 335 49 422 430 28 361 89 96 209 245 65 298 320 477 89 414 194 100 324 409 178 479 167 348 39 384 281 371 216 479 17 45 476 382 359 487 427 228 162 300 190 50 432 208 216 421 474 401 241 36 239 284 329 238 410 418 357 432 275 45 143 51 425 175 212 29 59 203 447 99 323 96 378 416 11 376 53 364 455 397 40 13 435 225 498 81 85 117 461 78 26 112 
498 388 61 450 25 266 111 430 387 470 410 153 284 393 479 53 325 307 159 380 379 32 449 359 416 249 145 93 16 441 12 153 248 321 91 20 108 219 471 142 274 288 67 243 358 383 78 35 364 406 387 26 361 62 456 281 416 410 302 20 292 174 423 497 403 328 479 104 163 141 83 58 439 326 118 426 327 115 112 113 499 149 495 467 464 337 211 445 310 321 470 125 36 57 423 321 187 10 153 385 
394 64 169 472 84 213 332 132 441 187 22 45 239 253 244 326 131 394 286 305 185 150 290 260 116 170 160 477 11 66 149 438 247 36 288 197 320 46 278 166 346 224 229 178 84 312 153 323 180 228 167 462 412 117 267 84 127 210 191 146 259 63 165 371 93 142 139 104 280 356 59 33 388 169 475 145 384 385 237 133 466 424 264 109 195 149 30 412 129 459 96 282 480 8 349 250 411 74 374 148 
370 74 5 155 489 332 415 463 51 40 441 353 475 444 147 88 466 75 121 357 409 209 203 166 433 319 146 93 119 494 62 107 121 111 395 455 149 185 246 310 305 379 455 134 46 336 88 442 388 380 389 490 423 476 230 382 150 411 121 265 325 186 154 44 76 341 174 478 441 172 499 302 138 318 397 254 465 69 186 173 281 133 119 459 371 383 193 146 352 454 218 255 83 177 272 258 285 367 151 15 
90 445 377 223 123 84 37 94 117 202 286 249 351 117 392 281 217 205 393 86 202 200 213 296 51 21 485 333 467 481 44 30 26 349 411 431 412 52 74 304 405 17 7 296 115 174 469 67 499 36 202 147 27 146 21 464 500 143 334 129 167 276 339 79 133 254 238 208 492 218 228 285 189 229 126 97 429 337 160 182 463 23 22 196 7 64 152 355 182 293 323 14 240 350 376 379 256 146 376 8 
396 148 178 412 439 31 167 383 419 454 373 472 74 223 106 370 419 322 51 221 284 215 227 240 429 223 193 18 296 393 258 96 266 383 332 318 182 303 401 64 332 389 268 132 129 347 55 489 256 50 304 9 370 241 395 92 33 177 374 491 483 406 44 139 469 194 373 167 22 28 111 351 353 424 118 172 207 394 106 439 345 384 500 228 29 438 222 60 422 265 233 202 497 163 224 101 165 361 440 312 
253 299 120 327 239 97 103 136 214 475 348 148 81 477 171 391 37 138 411 108 464 348 51 143 317 171 294 47 72 452 280 55 390 448 455 364 74 417 411 244 374 442 286 175 119 277 34 356 112 303 286 328 443 392 47 62 109 69 217 387 303 469 184 485 163 387 246 217 64 324 452 65 269 222 60 419 254 360 218 292 105 394 208 231 181 218 432 284 481 380 286 122 117 17 490 496 375 348 461 305 
143 396 21 393 48 272 68 202 309 20 417 126 326 229 244 196 78 305 84 123 402 23 413 206 131 110 28 65 393 167 300 298 456 397 414 284 342 411 86 372 442 193 316 488 471 253 172 55 183 70 44 420 411 328 137 345 412 499 282 295 333 5 177 244 39 148 188 244 166 220 130 219 489 47 143 83 439 36 386 432 61 190 152 56 84 257 305 358 54 159 6 270 385 106 199 409 45 240 488 95 
399 21 216 191 327 182 424 70 448 264 495 489 322 17 205 311 211 160 30 258 463 170 487 409 416 112 128 30 84 118 18 189 199 135 91 134 262 15 414 297 475 36 291 205 304 452 453 305 478 236 492 127 353 349 312 158 59 348 150 11 254 144 487 299 340 237 114 254 375 159 18 334 478 201 357 57 449 61 150 210 46 433 422 85 494 497 274 25 487 390 490 411 156 256 178 47 222 334 217 324 
191 172 373 244 181 457 442 313 45 142 277 123 440 281 57 80 318 478 282 49 159 289 43 475 333 32 267 108 216 487 257 46 184 265 112 139 330 275 29 336 95 420 399 82 202 31 92 362 391 29 392 374 60 309 431 180 69 435 463 22 15 238 228 461 410 203 76 423 226 303 421 419 178 19 348 134 239 9 407 270 288 337 321 181 478 485 373 94 346 326 322 47 109 134 113 71 81 236 32 349 
350 488 429 265 57 397 280 192 211 29 451 9 372 392 345 106 145 391 358 373 150 483 472 268 442 268 127 148 393 20 230 483 247 376 59 406 382 10 86 319 225 466 195 237 70 120 210 492 113 430 315 15 291 238 48 461 63 471 116 289 6 313 220 354 432 125 476 80 282 265 316 463 89 201 201 249 55 262 494 288 104 483 159 342 494 326 12 380 475 346 471 6 284 195 142 409 249 337 201 489 
374 279 15 280 482 228 467 351 26 444 283 122 400 444 274 92 172 291 375 156 497 382 265 454 50 95 117 431 70 163 393 200 76 283 204 257 51 155 140 212 80 228 108 299 361 68 249 14 473 347 123 143 81 243 96 90 222 384 471 369 284 24 189 22 379 90 325 290 68 197 451 263 297 53 91 273 465 424 431 370 148 49 436 122 329 103 269 474 88 479 285 39 289 91 165 417 346 315 269 53 
194 110 249 197 35 350 221 244 337 372 347 487 324 186 428 255 249 37 164 218 463 130 78 413 48 460 312 479 67 430 166 383 82 129 94 110 453 126 184 184 254 287 56 165 130 207 449 38 28 200 207 351 364 363 133 478 142 49 414 231 472 315 499 160 267 327 445 387 268 224 431 422 439 373 311 354 374 192 215 416 176 394 212 229 352 162 136 356 126 242 443 279 171 378 59 452 276 260 109 285 
150 10 167 233 385 184 291 315 378 458 485 17 258 215 130 360 314 243 272 497 161 465 390 188 289 467 25 373 136 243 451 99 70 192 450 169 121 219 400 45 40 294 186 366 430 98 310 196 24 383 222 219 80 19 129 367 56 373 251 47 190 239 42 405 103 442 92 175 177 29 389 336 463 170 341 42 145 75 427 249 244 216 301 230 127 268 184 425 126 21 340 429 46 419 232 388 412 216 34 259 
51 30 97 103 461 273 421 169 231 132 208 50 42 260 363 280 467 5 47 221 110 488 182 105 72 102 231 487 280 361 55 440 385 68 340 471 201 80 432 459 486 414 76 251 47 375 472 282 285 459 9 17 265 500 454 136 15 335 480 65 209 192 207 263 68 225 238 393 175 7 341 101 442 136 117 450 436 171 184 302 279 338 68 493 307 40 434 300 125 291 383 354 99 470 416 79 49 398 337 127 
77 113 290 384 401 131 280 251 115 138 72 219 391 440 235 5 80 349 203 402 198 310 235 392 121 195 133 101 457 488 239 124 125 288 253 358 113 437 461 107 384 242 264 450 76 190 468 170 472 242 248 30 69 228 200 485 374 295 372 409 332 72 63 29 33 31 408 434 477 433 218 385 159 35 182 222 418 66 445 121 31 52 290 210 109 295 157 360 38 417 76 113 135 387 297 290 162 81 190 412 
241 461 93 351 92 209 161 358 94 272 491 334 109 275 322 445 246 371 465 477 295 290 478 215 481 109 392 34 222 342 284 296 133 191 472 207 232 308 308 73 137 296 469 240 481 354 233 101 364 336 483 321 78 291 259 326 411 185 273 364 471 211 321 171 270 360 479 282 43 77 262 377 6 301 466 10 308 178 224 477 364 375 439 238 389 464 67 100 272 292 274 378 233 363 226 226 60 26 296 51 
464 335 145 176 392 343 438 47 118 252 6 168 454 122 233 203 18 42 6 417 275 163 33 310 495 248 72 429 244 358 374 386 233 356 315 426 240 172 139 121 298 314 325 483 425 162 356 253 383 498 159 451 367 179 253 37 486 498 51 461 393 45 72 297 5 147 69 399 34 101 107 370 233 252 34 101 179 190 308 160 234 293 144 12 346 66 141 72 213 334 323 414 428 284 453 455 365 105 276 274 
250 246 66 329 78 478 488 338 43 310 37 220 380 180 494 119 481 405 263 290 385 365 305 291 372 140 273 25 446 183 397 158 151 362 20 74 121 165 406 314 426 375 170 115 471 259 302 94 54 280 159 5 75 401 171 56 195 192 72 497 409 165 33 96 404 87 464 246 460 150 391 341 378 33 96 282 354 249 289 292 297 12 206 296 339 384 247 306 80 269 273 396 74 336 334 77 117 248 295 370 
497 267 17 103 411 193 346 108 73 63 37 254 229 339 357 387 375 246 431 51 418 455 233 84 233 383 368 28 498 382 497 82 235 63 358 218 385 315 45 430 430 281 154 246 340 132 19 287 344 239 351 223 79 118 122 95 33 266 338 268 347 174 216 199 163 60 120 196 17 330 198 112 315 56 332 210 467 417 249 358 397 182 317 200 412 286 264 494 29 452 462 408 301 367 38 360 164 21 77 481 
487 127 455 71 445 104 486 317 348 245 56 36 446 197 446 356 221 50 93 314 89 264 12 206 167 180 372 341 207 493 64 244 389 141 115 322 492 423 172 227 464 260 142 40 433 416 43 156 352 156 285 368 40 111 327 7 465 98 393 352 497 462 304 178 329 464 59 232 295 336 144 245 343 318 335 19 415 225 145 181 298 211 65 329 224 89 129 308 116 68 190 468 302 173 172 339 429 159 345 375 
322 84 352 386 367 20 127 459 40 99 236 10 78 96 266 387 302 142 368 460 45 129 243 12 371 324 43 31 154 141 84 112 369 34 120 159 249 471 363 98 266 363 216 99 413 229 29 491 158 390 296 375 486 286 222 57 193 134 246 310 254 477 173 59 369 255 44 355 287 496 404 255 140 275 289 12 404 310 303 457 475 120 299 350 236 322 104 315 454 272 474 229 250 374 176 163 393 29 433 287 
463 186 62 484 108 47 98 255 208 472 456 285 285 406 241 176 457 234 308 344 260 407 163 428 140 266 498 188 319 96 68 32 414 449 422 323 366 216 284 284 244 353 480 35 23 147 490 150 193 475 352 188 301 393 23 59 429 24 358 498 173 312 447 270 80 236 390 166 437 295 159 100 36 262 456 231 431 41 455 164 392 269 279 38 342 383 402 210 178 36 495 280 235 52 53 410 224 107 178 398 
389 310 77 166 74 118 250 108 274 226 139 263 42 95 16 275 425 133 455 311 105 179 47 362 13 319 49 37 253 400 387 410 474 238 333 350 433 70 387 85 125 254 278 315 178 55 209 416 486 168 140 324 418 259 61 279 255 321 283 462 492 451 130 169 372 252 304 333 209 467 427 437 331 445 329 328 7 91 330 324 312 168 311 189 498 147 242 271 371 228 181 408 82 449 377 18 73 44 420 217 
388 318 374 412 164 245 313 444 92 8 39 48 23 100 437 127 334 365 214 495 232 279 249 19 135 140 176 30 21 181 355 363 188 385 29 188 283 190 370 41 233 73 116 329 446 247 120 474 354 290 267 381 411 367 25 291 405 263 103 284 117 299 144 242 428 98 244 45 370 185 114 294 144 321 51 464 123 67 470 50 225 153 29 215 146 420 375 307 350 239 131 50 322 251 32 270 210 216 396 339 
445 219 99 23 66 472 226 14 323 421 44 42 26 61 406 394 393 153 256 19 458 56 306 422 427 61 138 360 252 269 450 178 403 157 414 316 124 394 109 159 259 237 473 38 107 185 23 266 14 314 362 282 126 83 390 147 25 102 388 7 133 14 481 261 64 439 361 93 479 374 458 304 323 268 29 311 324 76 41 381 350 101 54 251 491 383 161 278 69 87 406 287 441 237 175 180 44 66 84 290 
440 361 269 235 20 357 500 27 140 135 437 359 193 280 52 299 452 212 192 183 268 70 481 86 257 428 125 163 405 106 228 434 332 253 116 426 408 78 218 59 294 310 61 246 244 361 312 167 38 47 361 102 257 462 454 116 102 109 332 56 182 89 31 390 105 45 329 12 431 342 18 364 163 175 368 28 452 168 205 340 280 460 177 49 172 352 154 96 124 183 143 28 42 413 292 292 162 143 339 373 
264 245 372 480 333 438 79 123 319 180 405 87 238 460 361 72 487 123 219 463 369 119 189 457 121 488 310 34 334 304 180 274 287 233 53 329 313 45 381 18 380 163 78 433 135 494 372 347 471 86 119 51 58 252 232 339 375 416 221 206 39 389 185 174 55 181 99 208 38 356 326 343 421 83 324 309 491 372 328 422 259 287 435 174 120 476 74 412 412 451 67 293 308 430 277 281 228 286 132 166 
489 14 20 54 488 400 399 187 190 16 98 85 282 230 348 492 488 270 90 357 443 257 202 357 407 115 157 141 401 132 43 226 483 195 188 201 334 428 388 31 39 201 272 132 398 16 68 115 418 20 372 36 368 257 252 231 247 393 424 140 154 81 488 243 302 194 490 179 30 305 20 319 348 59 30 196 193 62 91 404 317 129 267 32 142 290 420 474 483 201 85 67 157 439 91 140 326 292 23 60 
225 164 433 374 112 78 285 283 177 46 230 217 102 242 445 244 499 189 232 152 356 364 478 153 121 228 58 293 60 429 11 23 278 394 469 377 159 371 131 438 384 427 24 225 422 324 12 437 482 219 383 340 320 29 120 9 201 302 374 342 161 67 21 480 29 399 59 448 274 145 426 137 288 86 114 179 464 298 211 359 202 421 134 239 199 230 11 22 18 492 54 278 164 132 26 318 175 48 317 282 
130 301 275 144 406 90 348 134 155 348 279 500 70 225 187 469 348 28 55 385 480 11 196 192 227 64 493 234 283 444 75 448 470 447 442 401 361 351 456 59 12 479 321 237 347 380 487 358 469 451 197 157 21 480 117 379 368 133 212 173 477 38 33 315 474 114 65 153 172 236 129 273 452 147 137 445 65 100 207 375 128 60 192 176 214 100 122 159 118 467 331 176 345 192 179 346 379 264 326 108 
173 123 465 10 407 221 458 178 224 48 395 104 58 364 33 173 220 186 151 270 400 390 22 45 173 325 5 204 79 419 194 298 124 91 309 253 425 63 12 193 499 24 215 214 332 35 302 297 393 229 210 196 465 214 191 270 78 327 80 38 195 121 172 161 325 48 8 426 434 277 394 282 265 61 156 251 43 13 119 289 233 247 99 43 454 310 125 240 182 274 478 49 429 411 412 313 232 330 56 80 
30 397 240 223 147 473 436 48 279 162 5 148 287 194 65 265 24 281 415 124 462 145 313 243 496 498 294 279 137 203 375 267 71 182 122 453 242 287 6 253 375 238 365 456 278 402 186 271 323 80 445 86 290 103 383 155 473 323 49 47 479 495 148 372 433 466 433 471 326 487 67 170 206 287 423 112 307 303 370 344 77 169 326 339 464 180 38 356 214 437 127 473 123 319 249 373 467 146 479 376 
51 375 67 407 65 44 439 413 166 458 404 185 497 160 292 77 40 184 152 101 377 411 257 353 47 124 236 93 160 200 21 53 431 490 231 148 48 75 304 117 238 283 226 172 310 24 425 305 159 408 288 107 489 479 117 445 169 92 419 365 124 362 296 363 57 242 264 338 271 300 71 90 26 225 380 171 335 70 22 21 347 303 436 375 67 39 463 55 394 10 263 327 193 260 197 492 491 157 320 332 
128 415 204 274 360 337 107 429 484 450 430 25 278 485 52 434 265 115 290 462 121 498 462 180 72 28 305 298 115 354 413 389 78 427 221 484 394 119 295 88 173 448 70 220 7 228 144 430 422 105 322 291 265 184 159 428 388 451 381 281 119 249 484 225 12 66 359 256 146 285 64 164 74 225 210 168 266 137 476 407 472 453 50 68 157 452 333 276 408 243 493 398 267 334 98 102 74 458 342 251 
480 398 98 410 321 67 272 473 131 81 420 327 496 205 374 153 160 234 199 7 99 18 16 264 307 462 92 41 306 122 325 76 238 422 9 375 448 454 17 35 426 10 186 81 447 76 348 179 247 43 7 128 292 190 104 326 288 65 159 326 7 488 142 88 77 288 328 10 49 371 258 53 22 94 263 269 455 238 477 412 226 209 187 332 160 158 201 342 133 281 265 337 391 316 241 334 83 434 492 300 
331 321 471 102 190 187 215 85 111 16 204 140 176 59 448 360 289 118 318 115 11 403 145 202 120 195 424 76 47 256 319 33 293 369 186 204 40 329 266 450 318 364 176 242 122 408 165 254 442 313 402 314 470 327 203 487 427 56 199 402 500 456 315 468 239 391 247 174 13 72 299 468 489 390 32 410 458 352 215 55 222 214 44 489 435 14 196 444 161 139 301 169 378 65 93 258 347 269 197 278 
290 220 136 11 172 159 88 64 179 221 327 13 371 299 33 145 170 266 289 352 134 93 313 474 270 430 372 460 310 267 460 180 144 365 216 420 308 12 462 492 114 320 65 149 128 270 228 329 91 218 226 112 18 465 258 86 131 334 59 115 475 392 157 320 103 342 5 453 232 418 182 182 68 495 298 320 326 175 16 269 350 228 334 478 242 151 458 244 232 426 126 426 322 243 109 312 85 373 485 272 
431 301 443 296 479 404 22 405 454 40 456 353 37 341 310 302 123 233 351 115 391 172 365 396 468 175 126 257 437 191 342 436 165 360 305 276 72 49 56 309 177 103 452 403 382 308 112 280 402 465 326 107 202 386 334 58 369 240 18 46 29 85 185 92 326 269 280 317 97 93 25 420 390 79 462 332 135 123 402 426 491 380 30 61 496 59 43 32 276 407 5 452 308 35 206 22 297 387 426 136 
430 8 169 412 400 258 404 476 409 366 144 35 137 202 103 272 274 224 162 208 361 420 388 490 336 377 206 161 269 253 498 403 413 394 77 483 192 367 262 135 472 274 301 311 64 175 359 248 449 20 71 359 180 249 54 9 481 194 118 169 422 339 45 66 285 496 174 218 157 474 449 360 44 472 317 288 366 280 320 246 70 182 140 293 127 391 369 43 345 297 320 111 161 340 176 19 422 488 351 100 
296 269 447 144 27 19 148 412 17 242 110 255 492 90 454 457 434 463 168 440 411 61 48 48 41 360 133 232 388 275 299 16 175 127 161 21 469 286 13 173 126 360 392 190 285 477 28 313 72 19 70 226 15 298 95 498 470 349 298 109 332 136 123 340 255 106 262 117 427 11 134 172 253 486 216 110 194 466 307 49 69 148 231 460 422 449 176 91 161 16 260 302 23 338 139 380 20 27 319 352 
331 276 267 422 342 79 255 492 190 422 394 46 49 360 98 355 73 170 309 485 474 240 272 423 170 328 386 5 80 405 176 418 316 347 50 111 456 443 203 130 366 456 481 62 492 230 413 176 207 440 10 170 471 108 212 192 44 430 269 158 216 57 190 198 83 202 186 255 494 79 497 426 453 337 41 243 380 230 57 324 386 426 348 246 343 375 282 118 16 468 285 288 339 162 373 212 10 292 237 268 
10 172 58 285 162 481 156 280 431 460 137 335 129 94 484 262 244 442 390 19 194 40 393 445 309 66 374 154 161 197 384 473 256 329 37 242 414 339 418 76 100 35 262 219 185 297 448 269 338 210 164 397 245 149 358 341 189 135 159 209 101 481 210 7 203 169 144 339 267 377 489 219 493 215 265 450 358 84 274 303 488 209 140 415 345 70 397 74 497 10 147 371 325 113 423 138 194 441 380 170 
410 466 34 419 214 23 310 276 345 443 301 335 37 488 329 352 204 431 360 123 9 63 463 433 290 453 496 201 174 339 13 35 166 136 285 80 226 324 222 323 255 114 5 85 397 485 400 181 347 499 284 479 58 6 210 120 162 274 6 252 336 201 89 315 298 482 398 21 241 116 351 247 383 218 295 416 275 373 140 242 131 32 310 32 87 123 205 54 139 450 320 399 429 65 338 288 343 331 170 197 
266 184 486 451 340 361 201 20 156 168 366 339 453 294 233 356 394 202 486 188 261 259 118 87 24 361 116 487 35 353 209 463 493 138 424 242 460 193 328 382 339 64 156 463 78 191 458 479 67 185 481 220 73 79 422 55 20 38 416 165 15 368 469 259 477 244 431 67 170 116 316 151 88 488 379 221 119 99 190 427 398 76 122 74 249 385 244 374 327 114 418 253 12 143 278 499 398 272 222 198 
294 323 459 300 327 85 132 495 481 295 456 290 199 480 403 438 282 213 366 208 148 27 335 422 316 215 91 108 464 363 188 35 367 337 481 350 467 433 57 196 361 256 264 334 495 278 334 23 118 493 118 6 430 68 420 405 293 155 13 377 258 365 431 40 321 226 443 135 389 433 418 163 33 106 152 491 150 85 450 152 74 443 483 207 305 235 218 325 469 366 158 133 256 404 58 333 243 337 485 118 
477 441 217 333 296 114 414 215 331 139 343 475 106 261 420 216 370 94 474 68 68 155 480 40 415 60 402 214 366 94 393 257 125 33 138 377 373 413 414 442 75 356 488 410 80 482 127 281 377 179 457 253 85 76 117 433 219 440 163 304 140 286 398 423 316 200 225 394 437 160 469 492 473 410 151 101 369 123 171 56 322 225 103 378 270 204 194 459 133 289 274 200 207 169 74 410 230 318 246 392 
167 81 83 353 191 384 496 372 164 82 262 341 101 371 445 286 438 124 90 355 262 65 118 396 22 450 405 454 423 476 337 256 178 41 388 41 328 267 172 212 397 121 354 29 351 308 333 242 211 140 179 15 415 492 40 270 483 7 398 217 102 7 362 5 419 415 174 70 77 331 80 251 481 263 326 105 318 495 72 261 11 57 379 273 181 35 315 68 415 484 81 110 454 168 353 477 465 165 296 270 
279 319 138 384 246 441 64 152 422 24 417 393 93 87 102 306 279 421 373 133 366 365 75 483 95 371 172 180 417 468 464 309 356 276 245 387 202 263 152 434 444 142 272 90 218 43 333 180 480 331 233 27 373 19 21 82 124 199 48 261 71 40 347 374 184 305 333 445 7 34 336 81 111 239 283 118 75 310 32 213 455 393 363 361 345 271 28 187 439 491 195 241 165 459 273 356 488 40 469 306 
353 118 381 24 293 236 339 368 166 368 183 130 288 408 414 37 309 301 75 310 443 244 475 368 296 347 95 43 492 463 343 42 336 132 255 270 451 427 486 463 323 385 457 428 407 68 217 247 453 229 332 163 112 408 183 6 450 152 340 206 140 333 7 428 306 290 217 121 480 176 65 302 131 387 442 425 361 368 8 67 334 407 100 257 320 209 129 442 63 113 309 82 481 163 96 343 493 88 259 275 
397 103 424 132 273 312 241 202 259 455 36 390 276 360 467 491 129 420 20 220 29 86 353 244 24 474 468 495 340 341 80 229 13 487 326 308 372 406 211 360 50 38 96 435 413 248 168 352 123 332 309 172 5 238 213 382 187 378 486 111 311 354 127 383 270 99 489 485 328 156 321 171 241 168 222 125 367 347 237 94 133 35 383 444 166 18 288 442 105 216 159 225 286 160 84 301 364 187 106 436 
25 163 326 190 63 50 51 300 193 143 193 193 81 212 210 77 257 187 493 412 484 261 64 228 199 460 397 388 335 441 373 422 430 358 412 70 438 136 43 422 310 116 141 238 76 183 17 391 115 184 16 277 280 385 412 425 182 451 450 162 97 152 405 433 385 252 364 148 193 327 190 210 444 325 55 261 355 73 61 258 293 376 281 342 429 487 120 457 91 343 48 7 189 294 484 65 246 318 104 49 
155 90 309 487 409 62 105 239 71 353 442 407 475 142 208 78 383 386 312 331 6 416 428 223 249 339 461 41 173 218 489 164 335 11 376 439 145 100 200 5 416 16 139 468 150 155 177 54 115 478 310 376 90 204 431 428 436 441 122 68 204 248 145 250 367 143 304 244 328 324 151 154 150 174 258 454 71 289 397 247 436 102 17 148 399 393 287 154 419 243 276 208 264 365 412 223 465 403 82 432 
482 255 58 143 171 66 445 103 276 63 480 439 113 161 218 450 273 321 17 201 27 216 469 43 370 322 196 346 164 68 270 228 279 437 120 385 14 408 483 206 233 409 229 287 403 266 337 492 127 178 396 174 37 40 121 14 492 14 9 362 222 197 289 254 370 368 269 310 348 485 114 500 135 269 302 72 345 51 118 361 104 486 111 368 344 435 118 368 440 349 15 274 159 398 99 75 215 38 278 230 
22 80 40 52 104 314 424 189 58 229 112 94 500 74 269 137 409 76 117 190 403 246 63 159 67 162 407 404 22 336 146 360 259 27 190 216 103 144 97 344 397 206 112 366 405 434 210 253 131 402 129 170 451 306 42 61 405 192 166 420 395 462 26 191 485 44 174 364 312 248 94 281 369 402 45 420 200 493 274 233 290 130 344 77 411 43 317 253 245 53 168 473 41 257 391 57 14 64 219 38 
243 96 380 314 311 278 230 403 144 409 58 171 118 478 52 156 351 272 344 449 368 344 488 334 234 81 339 30 122 437 61 35 52 157 399 11 289 175 442 302 367 23 197 109 258 188 54 285 187 147 490 68 388 267 208 284 293 31 404 281 17 22 179 13 361 341 279 212 417 225 100 288 255 93 31 460 139 27 228 153 259 107 315 415 196 92 432 219 393 229 325 72 42 384 304 153 80 144 109 165 
175 495 150 129 227 431 62 81 210 403 359 40 277 394 7 385 265 415 86 113 359 372 135 119 57 489 20 462 256 18 22 186 500 433 454 34 462 100 342 290 148 101 387 447 81 122 449 305 224 341 106 390 421 109 390 441 164 482 427 418 82 208 265 383 499 365 330 101 150 242 171 439 299 61 97 163 251 215 194 318 29 172 194 169 344 298 270 489 49 499 106 370 366 474 155 471 373 157 254 201 
491 388 81 133 270 120 241 56 370 208 144 283 485 290 62 233 394 148 379 75 496 178 238 292 323 137 213 64 470 130 132 356 210 416 195 387 287 112 103 9 311 442 437 272 176 40 74 127 10 397 463 233 396 241 324 223 245 259 290 298 312 153 119 153 430 18 145 284 341 94 269 63 115 209 294 417 181 119 83 399 421 37 303 262 461 372 438 397 230 123 88 138 404 430 200 422 257 53 172 253 
217 417 185 399 334 485 459 453 195 277 348 466 216 121 309 416 129 172 446 493 180 9 225 253 321 211 136 279 452 368 176 131 215 296 482 310 90 108 295 263 467 346 430 148 362 286 389 375 200 58 403 439 493 270 264 457 439 394 283 238 140 131 347 460 128 256 242 386 24 63 284 182 70 202 303 25 59 341 377 113 262 92 321 412 462 453 23 487 187 486 470 52 217 140 209 347 78 53 16 263 
183 220 259 107 309 379 424 298 154 486 365 31 72 64 442 182 392 381 424 317 133 110 483 207 157 62 107 380 241 431 210 285 48 330 263 458 198 374 271 187 495 258 267 74 303 104 375 241 321 246 304 240 290 382 236 11 481 291 462 173 391 41 326 174 102 334 442 209 167 156 319 231 281 324 356 174 410 335 363 9 57 402 354 20 490 77 489 377 273 221 318 71 185 144 297 331 9 312 379 112 
21 35 94 300 181 245 295 411 242 298 268 382 206 183 336 344 87 451 79 478 238 30 401 360 267 443 281 463 481 291 89 275 105 364 301 454 469 281 345 53 154 209 337 402 86 226 408 424 191 416 349 98 265 15 384 323 54 19 43 232 341 273 473 279 47 200 65 383 291 219 172 463 492 495 397 462 129 408 431 396 463 424 51 275 68 383 218 217 155 380 276 387 258 264 211 237 376 383 46 102 
464 95 82 470 497 300 330 69 440 403 399 126 87 273 281 204 160 150 378 223 405 23 203 306 330 255 74 469 188 126 208 456 396 210 27 456 303 69 455 56 260 468 327 339 116 311 390 260 330 200 331 479 101 151 105 177 61 389 66 370 177 31 204 237 444 21 373 397 76 459 472 427 74 226 338 304 414 450 185 135 31 419 250 243 456 378 305 355 139 133 481 216 249 373 343 51 145 44 212 29 
202 250 254 7 224 185 206 260 130 201 428 60 15 313 300 153 227 264 436 124 147 236 98 425 260 86 275 421 316 423 420 259 215 101 320 412 101 336 274 258 251 112 386 456 500 119 488 412 330 155 382 472 305 435 132 212 189 116 55 291 189 209 74 58 457 211 214 401 226 323 111 87 461 143 354 292 24 375 443 27 430 128 232 499 375 162 283 213 122 330 29 138 27 281 93 350 50 195 80 119 
148 145 270 207 318 78 448 39 182 406 304 117 452 441 336 495 37 370 443 318 204 181 422 479 20 284 452 466 142 5 246 240 66 355 93 19 24 231 119 327 462 42 476 227 437 183 194 162 475 460 226 417 69 183 490 207 153 206 23 195 211 27 440 387 223 158 426 50 153 105 56 407 120 191 246 194 342 279 208 415 380 214 417 8 176 191 132 450 390 27 437 66 82 441 394 470 373 136 411 422 
315 322 477 239 260 226 423 184 319 211 259 121 170 6 98 474 310 490 181 303 186 493 440 146 387 293 194 287 89 264 91 178 316 183 325 468 118 214 14 93 84 356 116 419 53 169 360 55 283 486 8 231 160 294 8 199 440 164 113 85 475 149 164 500 177 89 338 484 268 54 69 51 374 435 217 314 456 377 120 312 31 475 36 242 417 329 177 474 468 226 52 61 244 450 325 113 328 189 11 15 
332 107 36 462 436 258 486 335 97 318 351 413 228 87 271 149 214 249 428 391 178 50 99 281 372 167 139 407 477 158 235 333 200 248 260 35 377 369 440 418 149 151 26 209 439 412 467 348 318 299 483 262 289 56 97 394 25 292 36 406 467 106 300 26 331 422 490 308 211 243 122 485 480 428 460 192 292 306 36 265 106 169 436 241 47 83 392 203 288 12 66 362 313 28 120 286 145 288 264 147 
425 96 129 77 245 10 421 388 330 151 159 24 238 260 214 269 456 110 446 5 183 358 384 364 10 239 357 444 162 479 448 83 383 45 317 280 293 321 436 308 500 380 221 394 474 81 267 428 305 207 484 249 373 425 475 389 357 100 40 87 76 339 153 263 479 261 291 387 399 299 310 40 373 201 343 402 496 445 202 249 377 80 434 149 469 368 148 262 62 357 349 245 362 320 143 152 153 346 413 92 
421 210 354 209 438 421 311 452 83 309 439 165 497 418 452 485 399 41 294 363 319 211 168 355 165 298 490 269 456 284 34 222 262 45 176 242 266 267 420 159 380 85 116 78 323 415 446 204 358 128 230 9 488 464 406 134 434 499 55 159 418 71 375 204 367 70 226 406 302 7 302 92 386 427 490 331 231 103 471 302 490 306 66 275 206 128 106 43 406 68 470 437 387 261 57 441 463 451 137 40 
200 73 183 338 448 459 423 448 119 396 375 113 27 328 378 200 41 38 425 458 56 190 464 387 445 6 281 366 78 279 346 300 161 429 315 139 455 297 77 105 454 299 356 326 180 245 376 108 324 7 338 97 411 47 257 496 225 154 481 151 380 6 365 93 64 463 394 85 114 263 41 273 442 180 241 495 65 413 334 30 477 209 395 325 362 387 465 440 17 69 77 191 117 91 151 267 495 353 286 328 
159 450 349 231 304 138 231 294 421 290 341 269 410 141 19 27 159 232 220 232 257 421 281 258 134 230 114 42 497 337 279 233 467 99 493 481 364 465 265 112 447 439 463 30 141 457 455 188 43 235 462 118 250 437 380 401 392 474 390 480 470 249 178 193 244 127 453 478 195 254 462 470 181 55 435 256 275 497 338 463 381 472 376 331 30 261 5 243 116 15 359 149 123 479 209 431 407 68 405 34 
156 466 131 365 348 64 426 391 454 258 467 214 479 46 111 259 429 73 79 128 80 439 276 388 335 361 433 178 80 29 91 132 190 50 275 143 110 325 372 208 130 466 291 278 479 188 195 207 54 428 104 375 160 480 104 491 433 409 99 409 499 354 121 405 113 493 80 443 476 380 445 154 257 369 7 437 453 165 389 320 91 391 173 434 289 121 366 481 220 441 223 409 181 377 120 314 220 55 490 282 
411 268 36 39 296 494 297 81 361 292 243 317 435 22 227 154 163 358 110 365 342 225 43 195 454 466 102 272 157 401 208 211 247 300 333 268 291 357 462 180 28 57 170 430 342 19 499 478 448 132 490 86 160 46 458 305 371 417 236 51 428 38 374 459 291 224 178 137 321 490 63 363 367 46 130 478 287 315 388 27 174 306 248 348 439 165 219 382 473 403 198 483 238 109 6 382 320 309 89 373 
