486 223 360 341 178 16 364 375 413 481 401 138 307 333 262 158 460 95 30 73 299 214 484 442 330 83 25 209 195 267 451 220 335 239 493 51 27 438 200 340 186 468 119 500 34 359 110 290 300 411 
44 41 135 432 336 210 49 145 114 102 326 421 73 237 85 13 289 207 333 345 324 155 122 101 432 101 109 8 304 409 124 152 280 170 66 355 25 386 148 29 247 70 424 381 164 478 329 244 464 117 
129 475 424 168 117 491 320 73 327 365 214 89 363 47 462 127 390 267 200 77 463 312 180 395 85 81 367 75 358 70 443 325 285 210 90 463 464 192 479 196 350 103 169 372 421 404 129 293 10 133 
59 174 260 317 416 202 491 227 361 110 449 328 432 244 313 381 459 375 57 106 6 394 176 397 41 47 498 348 360 414 79 440 126 500 6 23 288 60 317 150 93 208 53 326 437 457 405 442 437 389 
454 446 12 55 54 364 260 398 359 104 365 186 133 323 47 178 174 409 229 16 101 47 362 23 471 169 22 212 465 350 37 285 351 341 38 345 272 223 161 146 58 15 479 212 440 391 472 322 396 142 
251 275 25 365 143 219 436 14 352 339 97 212 317 491 274 216 78 355 176 9 64 19 168 81 162 359 450 354 196 408 108 348 139 471 192 309 495 218 137 127 118 242 207 360 82 175 216 337 344 482 
93 434 164 435 44 433 491 56 32 257 217 192 212 16 347 222 124 276 405 449 436 58 140 333 21 236 152 107 336 190 416 362 462 321 83 265 289 155 50 354 383 367 279 351 127 437 186 449 196 409 
398 426 152 406 112 245 135 59 79 171 176 494 353 334 163 295 79 427 197 54 381 394 48 141 161 469 65 124 374 369 46 254 368 201 87 53 147 479 290 437 347 108 417 225 246 149 186 308 101 60 
364 477 281 190 239 118 221 432 236 396 192 114 105 253 210 256 497 294 78 127 241 169 134 483 411 437 37 214 236 105 209 331 20 328 25 340 316 370 290 423 376 291 143 250 437 255 442 324 479 486 
422 65 405 139 291 500 9 295 91 77 86 299 162 244 13 374 129 420 216 167 265 406 468 196 422 349 340 158 458 443 218 65 63 306 41 27 70 121 323 490 297 109 13 114 7 333 353 438 188 496 
62 273 50 194 260 118 334 310 382 73 48 221 204 342 393 281 114 267 68 229 493 404 239 341 374 263 391 171 239 133 367 7 423 260 154 145 244 5 327 283 430 253 432 450 153 378 407 122 121 404 
301 462 228 225 271 212 467 476 204 352 209 152 146 361 194 256 192 418 264 464 286 485 387 173 94 189 407 185 116 400 376 346 38 414 137 39 324 307 267 81 148 498 489 400 223 176 175 409 473 214 
436 362 376 245 464 34 246 378 107 280 457 155 334 241 264 52 277 148 122 133 72 455 223 83 493 308 450 350 371 274 169 30 408 413 390 323 177 305 37 35 288 370 324 165 132 248 222 192 134 235 
121 127 136 386 435 201 304 133 355 126 130 428 379 53 429 54 215 407 486 379 181 369 206 370 193 39 230 459 387 195 159 310 331 44 173 33 176 235 441 257 309 399 118 402 297 145 34 446 28 337 
47 367 203 500 293 461 468 111 472 471 441 499 138 145 144 379 245 406 309 259 141 349 417 272 178 339 473 204 128 18 475 182 248 450 157 283 354 468 481 92 388 82 94 414 325 122 117 244 272 184 
220 70 493 260 232 85 179 413 226 220 189 328 203 354 254 249 280 398 493 149 163 170 243 167 141 48 71 69 351 177 361 34 316 453 421 374 250 350 224 328 102 208 453 60 266 142 142 33 276 258 
165 29 213 153 131 106 331 221 385 46 471 64 141 101 325 151 492 185 324 245 440 24 454 389 255 374 264 30 471 321 128 187 446 307 460 282 316 132 301 298 154 381 11 183 65 424 97 383 193 263 
406 275 86 217 270 61 153 146 251 442 109 200 490 76 66 179 51 198 187 294 95 287 224 474 295 296 122 39 292 9 154 390 50 360 132 130 260 328 32 478 41 401 493 182 322 314 303 223 340 401 
401 154 471 446 406 430 169 206 486 14 469 383 143 406 102 276 172 386 134 167 387 451 7 458 181 369 427 357 314 302 475 51 254 356 366 275 11 185 18 190 429 121 349 53 253 407 71 154 67 362 
48 53 221 337 302 415 405 227 172 187 9 192 272 434 81 293 217 235 84 116 398 88 170 133 202 158 35 198 421 448 274 498 340 475 490 393 266 277 87 403 434 342 269 364 62 402 195 162 359 435 
144 335 306 192 198 245 301 176 150 335 316 383 354 365 79 407 329 75 16 444 330 161 441 13 22 292 366 98 350 48 281 353 133 113 288 17 184 23 192 299 153 487 489 326 217 462 279 108 126 443 
25 103 296 72 304 358 131 332 140 325 159 414 187 42 265 454 332 120 497 410 304 395 416 490 185 138 5 181 430 201 485 19 246 157 212 428 347 311 481 309 460 415 410 100 459 67 399 175 289 311 
116 361 14 24 43 55 167 66 343 32 197 65 339 240 334 412 470 425 294 488 278 127 442 287 418 475 342 116 300 479 367 438 135 152 270 451 476 134 210 449 347 429 324 256 100 318 282 471 337 478 
389 18 245 31 79 416 276 33 422 89 173 265 492 124 440 296 50 139 103 79 91 96 196 365 448 299 466 93 425 435 119 40 202 144 323 384 465 82 389 16 272 101 361 416 108 147 343 267 310 457 
314 327 107 315 270 429 137 283 191 348 37 14 9 182 54 118 258 432 264 70 13 416 446 211 370 225 485 128 266 449 140 376 183 187 475 92 146 123 277 76 59 96 162 322 320 375 419 271 166 173 
21 243 18 282 333 154 411 329 146 283 307 499 86 328 443 78 111 436 299 234 320 39 111 232 446 350 470 98 473 496 127 108 227 316 450 244 386 19 330 44 123 140 110 120 331 359 178 444 42 29 
355 263 84 142 235 485 359 274 314 483 46 354 460 175 215 450 139 309 181 391 204 375 275 46 428 459 456 420 288 294 354 290 76 326 94 187 215 81 323 185 93 151 162 251 451 89 258 349 151 135 
345 480 29 22 454 242 101 344 237 490 98 46 214 50 27 51 483 96 207 222 166 420 438 350 94 391 476 55 277 342 388 389 104 277 433 70 103 165 69 468 273 151 380 376 81 79 145 352 353 17 
270 381 468 212 225 400 450 215 407 247 408 369 397 294 427 79 227 312 295 18 80 36 211 22 5 332 258 318 312 315 188 260 348 32 366 93 124 239 46 129 445 173 94 251 258 20 396 160 431 58 
495 478 309 238 106 64 38 36 116 323 369 410 214 144 51 189 264 337 265 495 80 421 246 198 378 489 179 219 491 464 107 444 242 149 57 434 194 177 453 320 385 83 276 458 463 303 312 136 411 132 
113 65 432 219 286 479 281 180 306 330 317 247 356 260 497 296 214 253 175 416 435 385 46 321 405 150 305 303 338 279 341 351 15 460 132 241 97 374 291 487 396 59 162 499 448 134 320 319 206 364 
192 412 441 340 67 334 82 107 152 64 117 380 63 139 326 105 21 414 313 349 338 275 92 240 359 93 426 312 379 274 217 310 44 444 421 70 69 340 140 112 414 113 474 45 131 17 102 103 148 112 
394 500 332 446 245 76 348 268 413 206 33 373 363 496 428 473 7 68 121 176 137 117 16 251 318 321 496 116 25 163 164 440 417 304 32 196 116 411 207 393 334 381 105 455 45 200 236 242 100 69 
284 135 342 367 456 491 485 138 436 336 450 280 404 491 98 398 445 307 387 240 460 125 307 259 177 220 125 354 465 361 34 59 431 66 94 252 112 54 210 239 228 371 48 366 161 141 72 110 151 436 
364 18 386 487 404 15 322 252 423 10 480 331 400 44 360 33 58 373 303 118 237 370 120 462 343 77 330 27 390 278 217 440 448 21 105 202 183 397 499 304 54 288 387 129 154 127 180 327 408 472 
304 119 177 398 484 292 19 197 192 228 479 445 498 81 290 498 140 83 165 492 160 470 432 431 162 57 48 213 340 79 205 455 421 429 265 15 473 58 289 483 75 49 329 67 401 109 124 254 455 327 
29 262 226 399 384 497 119 364 21 115 225 81 250 102 144 316 37 216 187 275 492 346 409 166 142 101 405 167 303 188 335 459 355 40 80 98 374 260 97 23 411 46 165 400 92 246 16 354 243 74 
53 403 271 276 125 93 89 385 98 80 364 248 335 476 448 160 370 411 314 400 481 247 63 207 127 495 370 98 205 62 75 474 153 75 270 86 257 495 374 461 495 480 126 216 193 279 124 35 193 401 
103 232 43 431 133 391 34 377 170 163 452 278 251 297 272 138 55 183 428 255 410 329 287 43 442 448 198 139 432 389 57 452 333 370 114 188 8 307 446 478 73 65 398 474 265 171 314 478 127 214 
165 295 134 92 265 290 215 105 295 410 411 255 301 299 111 23 83 45 476 52 135 209 23 463 421 426 465 434 230 51 213 183 24 488 127 413 394 374 370 53 31 282 412 308 150 344 180 201 404 51 
406 427 351 475 330 379 208 294 188 414 160 296 57 378 94 381 163 208 213 335 251 425 125 254 401 57 184 357 229 372 301 122 500 499 13 390 458 55 274 242 374 336 386 443 357 147 373 165 192 221 
295 329 374 215 397 365 212 135 397 486 238 391 119 215 322 43 417 464 382 140 10 78 249 263 422 208 116 181 57 486 13 329 268 275 163 94 119 268 36 403 477 315 34 365 68 267 273 115 316 39 
366 139 432 280 468 249 206 373 92 263 493 26 174 11 240 211 460 328 395 222 150 343 275 72 450 54 125 499 160 78 272 165 52 271 278 495 6 60 276 394 371 301 474 378 39 408 255 246 484 142 
123 477 122 110 6 203 475 31 230 268 433 41 258 419 138 437 70 425 72 301 426 42 342 247 448 30 331 67 291 86 484 153 269 490 343 139 87 24 449 360 195 302 319 210 403 450 423 379 436 464 
482 67 23 62 344 247 356 9 238 261 21 376 133 129 479 272 346 267 234 461 250 304 352 221 123 330 463 153 299 436 346 497 215 390 126 187 413 219 490 477 339 425 75 313 168 424 333 143 237 487 
280 211 411 7 31 297 347 130 57 245 121 90 40 243 60 92 427 234 435 200 137 402 235 81 472 455 405 206 450 314 441 109 421 421 445 226 29 272 40 37 82 74 404 280 216 90 120 387 96 451 
135 317 227 287 5 269 375 486 476 463 422 115 14 476 463 225 183 436 307 67 286 366 397 49 36 395 316 379 464 470 215 93 339 422 281 172 158 84 192 219 189 241 220 319 268 143 35 296 310 377 
93 205 478 217 34 196 73 308 117 487 266 176 204 180 359 294 130 47 174 240 126 263 348 255 192 460 291 43 133 24 126 356 413 276 350 233 464 25 427 133 410 151 341 217 448 74 272 173 188 45 
59 89 459 237 162 102 295 381 417 231 156 37 212 139 28 121 388 179 470 304 500 101 77 96 89 223 160 490 43 95 313 98 138 225 167 476 186 20 328 492 14 192 489 474 401 497 300 14 109 454 
342 241 114 135 163 272 99 483 85 86 297 367 260 211 433 303 465 111 169 124 274 90 319 102 149 301 140 126 248 418 328 135 271 338 480 385 370 244 290 280 14 178 439 449 216 18 15 398 391 218 
