484 304 297 228 248 407 208 26 246 283 438 392 64 199 245 482 299 336 324 359 141 75 181 388 278 318 203 284 480 69 294 144 363 129 256 320 486 318 310 227 489 37 121 278 97 369 411 71 379 152 
241 207 57 252 336 8 374 274 259 322 122 169 160 54 433 313 484 394 300 252 216 100 402 451 47 352 179 427 489 137 412 413 307 91 481 469 149 330 496 480 88 268 42 174 379 40 470 263 361 358 
221 85 190 496 431 244 321 451 419 462 196 203 66 108 451 305 163 229 127 52 32 98 436 69 85 346 54 96 388 64 413 262 210 69 482 432 433 391 276 52 382 142 479 79 66 204 334 473 223 257 
284 272 87 64 261 470 44 145 188 418 330 493 193 365 394 266 366 393 100 127 499 91 242 196 230 300 340 62 195 429 439 216 240 198 47 248 187 354 304 282 38 221 49 445 490 331 237 281 182 432 
409 251 318 106 468 264 234 445 151 101 267 339 162 101 109 174 165 380 194 28 333 129 480 54 475 484 327 168 393 246 465 212 16 153 246 220 24 424 439 93 417 93 269 307 481 228 54 190 157 209 
70 284 417 30 466 273 284 484 290 415 407 37 228 170 375 445 356 93 76 144 328 345 272 453 433 436 385 29 355 368 425 16 334 252 49 140 172 130 268 498 220 71 187 442 401 179 338 190 22 60 
227 372 439 37 412 405 187 43 427 412 334 38 8 19 94 231 175 225 274 253 133 427 429 291 278 245 37 267 149 390 334 47 477 488 152 85 308 39 130 82 176 387 310 202 495 111 122 50 92 409 
88 443 83 455 363 228 443 492 264 385 359 194 322 306 154 435 72 257 288 350 244 420 318 143 139 208 317 399 302 29 103 311 76 441 70 205 473 238 342 309 97 431 278 141 129 61 283 334 28 391 
145 339 239 309 440 447 227 79 437 101 284 186 112 488 178 245 326 458 60 238 397 337 218 29 56 141 399 65 67 82 137 338 286 15 305 224 196 281 94 380 262 5 309 447 302 263 232 213 339 136 
194 10 299 66 252 17 305 380 346 260 255 88 101 295 485 456 357 308 310 471 457 75 155 109 244 253 331 390 372 261 221 448 208 156 32 147 28 469 167 217 338 449 412 182 355 219 364 90 205 170 
134 312 206 313 25 441 381 16 160 263 403 301 104 77 471 213 258 198 438 264 84 482 206 452 458 28 428 239 289 348 27 166 44 159 472 271 169 25 174 235 413 478 457 207 448 367 7 290 331 47 
127 350 445 138 245 132 239 292 67 408 125 56 414 469 90 254 228 235 375 98 24 228 426 254 70 323 38 347 396 70 147 163 185 291 50 146 498 442 341 143 159 64 191 232 83 487 223 456 288 85 
494 206 132 145 306 442 266 353 199 376 244 331 198 329 136 195 293 467 235 156 88 77 435 165 458 70 147 49 435 109 167 161 40 23 210 154 313 381 217 88 459 409 102 130 225 400 181 495 78 405 
17 101 193 251 445 264 83 84 74 89 458 82 320 421 364 286 256 215 202 354 72 6 483 472 352 304 223 427 155 263 303 409 42 230 384 157 414 25 278 405 345 185 271 177 141 211 354 13 268 129 
148 442 289 64 327 71 166 377 259 309 495 292 481 134 422 182 191 247 104 74 214 230 27 276 195 421 293 376 98 268 134 120 77 68 145 196 168 191 65 22 19 460 98 57 303 223 65 138 163 304 
111 65 368 399 431 28 485 407 28 320 285 425 308 348 413 407 84 56 188 286 422 424 345 429 415 80 124 158 284 59 131 65 367 219 62 52 201 342 302 297 164 234 402 352 297 183 99 160 378 27 
278 106 361 84 152 227 294 171 499 216 24 426 130 20 87 151 145 241 301 193 442 46 331 329 420 313 279 11 299 404 234 288 468 255 270 240 16 418 441 221 261 194 49 277 21 108 103 164 179 481 
76 298 290 200 64 101 347 191 43 365 155 356 81 101 267 398 387 479 70 324 62 48 345 477 117 229 399 132 222 430 143 473 61 104 384 128 257 370 328 424 397 73 85 439 172 152 301 101 140 71 
50 204 199 320 270 332 208 120 101 411 84 56 116 107 258 99 301 348 301 262 493 469 300 447 376 249 271 371 421 189 361 55 111 294 55 180 22 141 326 48 395 419 108 382 393 349 302 131 414 416 
434 71 293 33 207 113 402 392 260 360 121 17 72 143 5 96 74 447 351 356 351 354 37 322 343 441 292 349 475 184 323 186 477 422 255 408 316 440 485 355 109 299 498 186 7 272 393 473 296 65 
174 473 30 220 175 161 444 298 227 423 234 36 363 298 427 484 365 480 19 93 270 57 18 324 409 259 14 347 474 418 129 326 334 60 72 300 293 377 438 141 86 315 434 77 304 91 257 374 115 458 
325 267 118 214 466 157 331 95 222 118 180 139 360 158 236 253 30 172 30 111 369 119 348 473 319 148 66 258 249 438 254 9 398 471 242 160 398 138 463 436 434 309 37 96 33 338 466 29 497 14 
419 258 182 290 63 427 394 132 118 131 232 449 465 279 157 406 394 453 425 468 308 235 331 103 80 323 357 97 359 5 498 365 318 10 96 238 409 189 58 479 186 486 212 98 455 108 465 275 16 481 
185 188 34 244 325 282 472 101 286 270 221 409 349 206 226 88 400 285 463 206 311 70 488 325 85 163 31 151 489 107 388 267 367 283 136 350 294 463 350 401 280 141 368 211 59 278 475 194 419 291 
185 172 329 355 248 421 229 461 435 68 427 434 219 400 440 378 119 461 205 116 155 251 285 99 220 154 226 318 425 198 221 443 498 371 293 128 408 403 24 90 425 292 114 491 109 365 374 485 489 168 
51 457 142 243 471 497 171 337 83 386 51 370 458 167 244 294 40 72 496 73 318 263 58 316 322 70 399 77 231 211 382 338 146 344 429 209 114 328 342 437 476 415 238 108 286 368 416 135 24 465 
462 180 358 31 368 165 282 92 222 232 487 366 45 67 265 463 129 11 339 248 186 320 263 229 214 485 92 346 363 131 199 245 49 441 445 230 92 66 405 96 268 95 201 188 418 8 241 269 140 432 
384 488 18 356 180 175 466 242 400 222 132 443 321 299 252 21 131 35 238 271 203 252 201 467 255 34 218 60 114 86 321 105 18 43 225 18 277 321 396 356 427 452 398 149 238 340 76 191 263 330 
134 78 196 181 49 181 46 464 491 35 270 414 269 273 229 417 337 378 458 103 132 228 283 227 463 187 30 202 221 326 289 456 274 318 481 71 45 487 9 8 450 202 128 34 256 442 446 193 61 444 
343 276 471 51 337 190 50 334 324 161 435 459 45 256 68 453 312 26 175 374 93 276 495 279 163 191 213 361 428 266 133 220 29 313 118 332 124 102 444 122 228 224 39 159 372 472 347 372 190 37 
348 406 277 221 170 246 276 59 12 289 197 453 71 257 98 415 19 387 468 44 348 14 466 157 293 281 388 65 257 469 85 379 354 316 339 280 338 134 91 450 489 395 137 68 170 229 221 193 452 72 
280 237 174 209 189 476 308 30 303 274 330 378 36 156 22 66 20 141 147 99 220 52 106 498 62 90 469 71 353 470 193 94 201 441 58 247 38 389 116 469 403 335 495 491 409 12 227 269 113 163 
26 343 133 294 244 100 108 75 354 301 265 411 331 424 226 360 298 146 59 92 297 102 391 156 268 6 290 123 267 114 427 173 370 307 306 310 197 326 178 52 387 379 119 196 343 47 231 206 483 436 
135 472 232 474 110 432 193 278 252 266 171 95 471 271 7 374 416 202 432 338 409 460 251 100 275 203 396 217 357 388 412 215 331 102 296 464 283 427 106 454 386 434 331 231 65 207 398 162 464 205 
281 210 481 279 205 234 208 26 346 81 448 50 415 145 240 106 263 442 305 381 356 221 412 129 362 410 224 345 108 65 415 493 314 287 53 429 433 316 159 140 78 301 434 432 488 479 313 217 97 8 
81 323 125 260 329 487 289 439 16 65 210 69 56 158 171 102 474 326 448 229 122 463 326 376 221 36 343 101 267 115 53 275 90 497 240 305 143 115 200 349 242 467 352 35 389 184 430 467 388 138 
320 221 44 271 398 422 212 435 246 141 210 127 55 12 236 423 437 154 462 143 17 421 186 478 391 214 91 81 123 212 268 56 174 39 220 412 318 374 478 143 363 225 375 130 424 29 280 350 455 179 
464 410 329 115 476 343 325 468 432 453 224 172 104 56 90 498 366 142 456 170 115 188 476 427 220 182 212 241 25 257 494 403 278 247 499 494 284 492 59 281 351 99 29 234 391 18 475 20 427 307 
245 373 464 233 48 486 129 183 449 407 197 213 158 201 256 460 261 274 403 274 152 281 421 207 341 428 157 401 152 302 454 170 418 494 369 41 8 109 353 380 463 331 189 224 74 292 356 148 265 336 
171 251 457 495 495 456 432 198 57 213 451 344 21 374 211 386 141 440 322 286 77 366 215 82 6 360 399 208 395 324 488 213 377 118 56 433 156 417 246 196 269 112 361 437 418 419 207 484 321 212 
349 223 169 79 278 173 384 9 145 453 363 133 413 105 182 472 100 268 432 80 229 422 196 121 352 136 346 26 168 151 239 145 466 306 274 399 28 181 20 152 188 215 183 50 133 184 373 260 356 286 
383 121 22 370 495 15 18 243 431 113 468 357 355 260 366 401 454 31 406 219 249 378 500 218 253 16 258 169 332 408 387 485 268 391 464 392 386 77 385 211 246 370 283 234 329 159 250 133 377 192 
74 344 79 164 20 179 287 80 492 339 167 117 469 20 429 186 352 151 234 435 370 229 481 459 387 237 351 91 482 122 430 390 302 136 43 373 419 27 14 157 57 232 270 162 293 111 43 413 449 440 
64 19 197 355 201 114 245 306 357 389 129 359 271 409 373 101 290 322 334 409 225 37 411 176 274 286 494 99 121 54 219 254 337 182 440 175 12 60 284 406 120 220 396 280 427 308 15 109 310 101 
343 104 215 206 250 133 304 307 281 423 466 452 27 404 335 399 270 180 454 384 435 108 71 134 18 399 210 10 43 455 337 499 274 57 356 52 200 410 409 495 18 488 44 58 249 159 369 244 32 431 
339 440 194 493 450 123 399 407 19 125 197 357 125 25 498 360 456 195 415 111 494 481 193 189 177 270 436 69 443 499 442 90 492 203 247 124 366 379 34 28 38 154 43 179 115 5 6 228 268 348 
165 323 111 216 104 439 385 129 398 27 386 460 16 488 234 128 133 351 18 242 300 68 174 460 10 254 496 176 305 208 177 413 407 242 41 479 422 193 180 308 160 273 278 233 336 304 245 112 448 300 
112 59 284 150 368 221 298 400 298 238 201 402 202 277 299 290 258 107 454 120 98 302 151 477 401 299 479 32 242 10 388 281 6 247 36 408 210 28 399 63 363 171 73 488 47 57 187 37 138 489 
223 204 429 417 344 299 245 344 155 60 474 441 465 433 274 210 448 429 261 408 474 366 457 44 357 489 489 156 35 303 24 274 142 284 150 308 114 248 30 483 382 162 10 306 239 129 328 146 438 103 
23 348 416 286 390 213 498 331 418 344 429 117 90 41 252 16 22 286 300 227 192 56 142 18 440 12 485 56 79 309 405 445 346 107 120 211 358 371 266 134 304 213 146 372 314 179 141 414 483 387 
